0 0 0 0 0 0 0 0
0 0 0 0 0 0 0 0
0 0 49 110 0 0 28 75
0 0 28 63 0 0 14 40
0 0 29 34 0 0 23 27
4 51 114 89 1 28 103 73
35 142 213 180 27 96 197 139
39 160 237 218 36 118 229 167
46 173 241 224 45 134 236 170
59 190 243 219 57 147 235 165
62 195 244 223 60 151 238 167
59 192 247 230 58 150 242 172
66 199 246 225 66 157 242 170
67 201 246 225 70 161 243 171
70 203 246 223 74 165 245 172
70 204 246 224 79 169 248 176
71 205 248 226 80 170 250 177
73 207 248 226 82 172 250 177
74 208 249 227 84 172 251 179
75 210 249 227 86 173 250 178
77 211 250 228 85 173 250 177
77 211 250 229 84 172 250 178
77 211 251 231 83 172 251 179
79 213 251 231 84 172 250 178
80 214 250 230 87 173 251 178
81 214 251 229 88 174 251 179
80 214 252 231 88 175 253 181
82 216 252 231 92 177 253 181
81 214 252 234 90 176 254 183
83 217 252 234 91 176 254 183
82 215 253 236 90 177 255 185
81 215 253 238 89 175 255 186
82 215 254 239 89 175 255 187
82 217 254 240 88 174 255 186
81 216 255 242 87 173 255 187
80 214 255 244 85 172 255 188
80 215 255 245 84 172 255 188
78 214 255 248 81 170 255 190
73 210 255 254 74 165 255 194
72 210 255 255 72 163 255 195
74 211 255 255 72 163 255 193
69 206 255 252 66 158 254 188
66 196 246 227 61 147 237 167
48 166 224 193 43 120 211 143
19 102 182 150 18 72 170 116
0 16 55 42 0 10 47 36
0 0 2 4 0 0 2 6
0 0 0 0 0 0 0 2
0 0 0 0 0 0 0 0
0 0 0 0 0 0 0 0
0 0 0 0 0 0 0 0
0 0 0 0 0 0 0 0
0 0 0 0 0 0 0 0
0 0 0 0 0 0 0 0
0 0 0 0 0 0 0 0
