0 0 0 0 0 0 0 0
0 0 0 0 0 0 0 0
0 0 0 0 0 0 0 0
0 0 42 26 0 0 39 23
0 11 61 34 0 9 60 32
20 103 158 78 35 114 162 75
34 137 184 91 60 151 193 89
43 152 192 96 72 165 201 91
55 170 205 104 89 183 216 97
66 189 225 121 108 204 240 117
78 201 230 123 127 216 247 122
70 198 237 134 121 217 255 136
79 207 241 139 125 219 255 135
93 217 241 135 135 222 251 126
92 217 241 137 132 221 251 127
103 222 241 134 140 225 249 122
93 218 243 138 130 220 250 127
87 213 244 142 122 217 252 131
87 214 244 143 120 215 251 130
86 214 246 147 119 216 254 135
87 214 245 145 122 218 254 134
96 219 241 138 132 221 251 127
88 215 244 145 121 217 253 132
77 209 249 155 105 210 255 142
83 213 248 152 109 212 254 137
83 212 248 152 109 212 253 136
79 210 248 154 106 210 255 140
81 211 248 153 107 211 255 139
76 208 249 156 102 208 255 143
80 210 248 152 105 209 253 138
73 206 250 159 96 204 255 143
75 208 250 158 96 204 255 142
72 205 251 161 92 201 255 145
73 206 252 162 91 201 255 143
75 208 251 161 93 203 255 145
79 210 250 157 99 206 255 141
80 211 250 157 100 206 255 141
85 214 250 157 101 206 253 138
84 214 250 157 101 206 253 138
83 213 250 157 101 206 254 140
82 212 250 157 100 206 254 139
83 214 250 158 101 206 254 139
88 217 250 157 104 208 253 138
88 217 250 158 103 208 253 139
86 213 246 151 103 206 250 132
105 218 225 121 114 201 219 100
12 59 100 44 12 53 77 34
0 3 5 3 0 1 3 3
0 0 0 0 0 0 0 0
0 0 0 0 0 0 0 0
0 0 0 0 0 0 0 0
0 0 0 0 0 0 0 0
0 0 0 0 0 0 0 0
0 0 0 0 0 0 0 0
0 0 0 0 0 0 0 0
