0 0 0 0 0 0 0 0
0 0 0 0 0 0 0 0
0 0 0 0 0 0 0 0
0 0 0 0 0 0 0 0
0 0 0 0 0 0 0 0
0 0 0 0 0 0 0 0
0 0 0 0 0 0 0 0
7 6 12 18 8 9 16 22
24 21 28 33 24 24 33 37
71 61 61 57 73 67 65 62
87 79 89 86 93 87 97 93
97 90 106 105 104 98 113 112
104 98 121 122 112 107 129 131
111 105 128 129 121 115 136 139
115 109 137 141 125 119 145 151
119 112 141 145 130 124 150 157
120 114 144 150 132 126 153 162
125 117 146 153 136 130 156 165
125 118 148 154 139 132 158 167
127 119 148 154 140 133 158 166
127 119 146 152 142 134 157 165
127 118 146 152 142 133 157 164
130 121 148 154 146 136 159 166
138 126 151 157 155 143 164 172
150 134 156 158 167 152 167 173
90 69 48 37 78 61 39 35
0 0 0 0 0 0 0 1
0 0 0 0 0 0 0 0
0 0 0 0 0 0 0 0
0 0 0 0 0 0 0 0
