0 0 0 0 0 0 0 0
0 0 0 0 0 0 0 0
0 0 0 0 0 0 0 0
0 0 0 0 0 0 0 0
0 0 0 0 0 0 0 0
0 0 0 0 0 0 0 0
0 0 0 0 0 0 0 0
20 49 0 0 21 45 0 0
119 192 35 17 143 186 56 36
187 245 114 74 202 236 156 132
210 255 131 87 216 246 177 154
213 255 144 101 214 247 188 165
218 255 153 109 214 249 194 169
224 255 147 100 217 250 188 158
227 255 142 95 222 251 185 152
226 255 144 96 222 253 190 157
233 255 137 88 225 254 184 146
232 255 142 93 222 253 187 150
232 255 145 97 221 253 190 153
234 255 148 99 221 253 190 154
239 255 144 95 224 254 188 149
230 255 125 75 219 248 165 123
0 1 0 2 4 5 0 3
0 0 0 0 0 0 0 0
0 0 0 0 0 0 0 0
0 0 0 0 0 0 0 0
0 0 0 0 0 0 0 0
0 0 0 0 0 0 0 0
0 0 0 0 0 0 0 0
0 0 0 0 0 0 0 0
