0 0 0 0 0 0 0 0
0 0 0 0 0 0 0 0
0 0 0 0 0 0 0 0
0 0 0 0 0 0 0 0
0 0 0 0 0 0 0 0
5 58 196 67 0 34 180 54
28 156 255 145 19 103 251 97
34 181 255 172 24 128 255 116
42 197 255 152 31 141 255 103
37 192 255 162 29 142 255 112
43 205 255 156 34 154 255 108
43 206 255 158 34 153 255 107
45 209 255 157 35 159 255 108
43 206 255 167 33 154 255 114
44 208 255 169 34 156 255 114
49 217 255 157 39 165 255 107
51 219 255 150 41 170 255 104
51 219 255 143 42 172 255 102
56 227 255 132 49 182 255 97
50 218 255 152 39 167 255 105
43 204 255 144 32 150 253 98
0 36 57 20 0 25 58 16
0 0 0 0 0 0 0 0
0 0 0 0 0 0 0 0
0 0 0 0 0 0 0 0
0 0 0 0 0 0 0 0
0 0 0 0 0 0 0 0
0 0 0 0 0 0 0 0
0 0 0 0 0 0 0 0
0 0 0 0 0 0 0 0