0 0 0 0 0 0 0 0
0 0 0 0 0 0 0 0
0 0 0 0 0 0 0 0
0 0 0 0 0 0 0 0
0 20 50 15 0 32 38 9
4 61 109 32 13 88 81 21
10 90 148 46 24 122 111 29
9 96 170 56 27 134 136 38
15 119 197 68 39 162 162 48
19 137 210 76 51 185 178 54
24 148 208 73 66 202 182 55
28 159 213 75 78 215 189 58
33 169 218 78 86 222 193 60
31 168 222 82 86 222 199 64
29 166 227 88 84 222 207 70
29 166 234 95 79 220 213 75
33 172 232 92 83 223 206 69
36 176 228 87 89 226 200 64
32 169 229 89 85 223 204 68
27 163 237 99 74 217 214 78
27 166 239 101 73 217 214 78
30 170 239 100 75 219 213 75
31 173 241 102 75 219 213 76
30 171 243 106 70 216 215 78
27 168 244 108 66 213 217 82
26 166 244 110 63 212 219 85
26 164 246 112 61 209 220 85
29 169 244 108 64 212 213 78
34 176 240 101 74 217 206 70
29 169 241 104 70 215 214 78
24 160 245 112 59 206 221 86
25 161 246 112 55 202 216 83
29 169 243 105 60 206 207 74
34 176 237 96 72 215 203 69
31 172 237 96 74 218 209 73
23 159 240 102 64 210 221 85
19 150 245 111 53 200 226 95
21 157 244 108 52 200 219 86
26 166 240 100 55 201 204 73
27 166 237 98 58 203 203 72
21 155 241 104 52 198 214 83
15 139 244 114 40 184 225 98
11 129 248 119 33 173 230 107
10 127 248 122 30 167 231 111
7 119 250 126 24 154 232 117
5 98 240 115 17 130 214 100
0 31 127 49 0 40 94 33
0 0 2 3 0 0 3 0
0 0 0 0 0 0 0 0
0 0 0 0 0 0 0 0
0 0 0 0 0 0 0 0
0 0 0 0 0 0 0 0
0 0 0 0 0 0 0 0
0 0 0 0 0 0 0 0
0 0 0 0 0 0 0 0
