0 0 0 0 0 0 0 0
0 0 0 0 0 0 0 0
0 0 0 0 0 0 0 0
5 8 10 19 5 10 12 21
14 20 27 37 14 19 28 37
21 29 48 68 20 28 46 62
26 33 60 88 24 34 61 82
32 38 68 98 31 41 70 94
35 41 71 102 34 44 73 97
40 45 74 105 39 47 76 100
43 48 76 108 43 49 78 103
46 50 78 110 45 52 80 105
48 52 79 110 48 53 81 105
51 54 81 112 51 55 82 106
55 56 83 115 54 57 85 109
56 58 84 115 56 59 86 111
58 60 84 116 58 60 86 111
62 61 86 117 61 62 88 112
62 61 86 117 62 62 88 113
63 62 86 117 63 62 88 113
64 62 85 117 63 62 88 113
65 63 85 116 65 63 88 112
67 65 86 117 66 64 88 112
66 64 85 115 65 63 86 111
67 64 84 115 66 63 86 109
70 65 82 111 69 64 84 107
63 53 55 76 64 54 60 76
0 0 0 1 0 0 0 1
0 0 0 0 0 0 0 0
0 0 0 0 0 0 0 0
