0 0 0 0 0 0 0 0
0 0 0 0 0 0 0 0
0 0 0 0 0 0 0 0
0 0 0 0 0 0 0 0
0 0 0 0 0 0 0 0
0 0 0 0 0 0 0 0
3 2 0 3 2 3 0 4
34 25 6 9 32 29 10 10
63 50 39 45 60 62 49 51
43 46 73 98 33 52 80 97
51 50 58 76 38 47 57 67
77 60 42 47 76 71 53 55
63 49 43 50 71 73 64 71
56 48 61 78 60 74 86 101
51 48 67 88 50 66 85 102
71 64 63 78 68 72 74 81
81 68 55 66 86 83 72 74
67 53 43 51 85 84 71 74
67 53 55 69 86 92 92 102
53 45 77 104 52 74 105 126
60 56 86 112 50 70 99 118
106 86 60 67 101 90 67 65
131 97 42 38 142 107 56 44
106 76 33 30 134 104 59 50
90 70 53 58 123 111 91 93
86 76 85 103 101 106 115 127
99 91 96 112 99 102 110 120
135 110 74 78 128 108 80 76
145 107 47 42 146 110 55 44
131 90 28 23 147 108 46 34
110 77 33 32 142 110 62 52
88 75 74 86 111 107 105 113
83 77 93 113 89 97 113 127
118 105 96 108 110 103 99 105
151 114 53 50 144 109 57 47
146 98 19 14 159 107 31 16
124 82 22 22 155 110 46 31
95 73 50 56 132 112 87 83
77 72 89 110 91 95 112 126
106 100 103 122 94 92 102 112
139 113 74 75 124 98 67 62
152 106 27 20 157 106 35 18
136 98 34 30 156 112 54 39
89 77 74 88 116 108 105 112
129 111 91 102 137 119 107 108
141 106 47 45 132 98 45 36
0 1 0 3 0 1 0 2
0 0 0 1 0 0 0 1
0 0 0 1 0 0 0 0
0 0 0 0 0 0 0 0
0 0 0 0 0 0 0 0
0 0 0 0 0 0 0 0
0 0 0 0 0 0 0 0
0 0 0 0 0 0 0 0
0 0 0 0 0 0 0 0
