0 0 0 0 0 0 0 0
0 0 0 0 0 0 0 0
0 0 0 0 0 0 0 0
0 0 0 0 0 0 0 0
0 0 0 0 0 0 0 0
0 0 0 0 0 0 0 0
0 0 0 0 0 0 0 0
3 27 214 188 0 16 195 193
28 82 250 224 21 66 255 246
53 125 255 225 40 100 255 250
65 142 255 223 50 115 255 251
79 161 255 221 59 132 255 249
82 167 255 223 62 136 255 250
83 169 255 225 63 139 255 252
91 179 255 223 69 148 255 251
96 186 255 226 70 152 255 252
96 185 255 226 70 153 255 253
90 179 255 228 67 148 255 254
94 183 255 228 66 146 255 251
85 169 255 221 60 133 255 241
0 0 0 1 0 0 0 0
0 0 0 0 0 0 0 0
0 0 0 0 0 0 0 0
0 0 0 0 0 0 0 0
0 0 0 0 0 0 0 0
0 0 0 0 0 0 0 0
0 0 0 0 0 0 0 0
0 0 0 0 0 0 0 0
0 0 0 0 0 0 0 0
0 0 0 0 0 0 0 0