0 0 0 0 0 0 0 0
0 0 0 0 0 0 0 0
0 0 0 0 0 0 0 0
0 0 0 0 0 0 0 0
0 0 0 0 0 0 0 0
0 0 0 0 0 0 0 0
0 0 0 3 0 0 0 7
0 0 6 19 0 3 12 22
7 9 17 32 11 14 25 36
11 15 26 43 17 21 37 47
21 24 37 57 28 33 51 60
30 34 51 75 39 43 65 78
33 38 55 80 44 47 70 83
39 43 60 85 51 53 74 87
42 46 62 88 54 56 77 90
47 51 71 99 58 62 85 100
50 54 75 104 62 65 89 105
53 57 77 106 66 68 91 107
52 57 81 113 65 68 95 114
51 56 81 113 63 67 95 114
51 57 83 115 63 67 96 116
51 57 84 117 62 67 97 118
58 64 92 125 70 74 103 125
64 72 109 148 73 80 116 144
0 0 0 7 0 0 1 7
0 0 0 2 0 0 0 1
0 0 0 0 0 0 0 0
0 0 0 0 0 0 0 0
0 0 0 0 0 0 0 0
0 0 0 0 0 0 0 0
