0 0 0 0 0 0 0 0
0 0 0 0 0 0 0 0
0 0 0 0 0 0 0 0
22 16 4 9 6 2 0 6
3 1 0 4 0 0 0 2
60 51 31 31 38 26 15 21
68 60 44 44 47 35 26 33
59 61 78 91 33 35 48 61
82 72 54 53 52 39 26 31
106 80 27 21 82 48 16 14
103 81 33 31 95 63 31 23
68 64 63 67 67 59 58 62
42 49 89 108 32 43 70 91
49 58 99 123 32 41 73 93
67 72 95 113 46 47 65 80
102 88 61 59 82 59 38 37
123 95 37 27 114 72 28 24
119 93 35 28 122 80 37 27
113 93 45 41 123 86 53 42
93 84 67 71 97 76 67 65
75 78 98 114 62 57 80 92
80 79 88 100 56 47 58 68
106 89 53 48 79 52 28 29
129 94 25 17 105 58 14 14
134 99 24 20 120 70 20 13
126 99 41 35 120 79 40 29
92 82 67 68 86 67 61 61
77 76 89 99 61 53 69 78
81 77 82 91 52 42 51 60
102 89 69 68 67 47 35 39
122 93 40 30 93 55 20 18
132 93 20 15 113 64 14 10
116 87 30 27 110 70 30 22
88 72 48 47 93 69 54 50
72 70 81 91 67 61 75 84
61 64 93 110 39 40 68 85
75 74 93 106 44 40 57 71
106 90 71 70 73 52 39 42
120 90 33 23 96 57 18 15
126 91 26 21 116 71 24 16
69 56 39 41 73 53 44 43
35 43 98 127 31 40 93 119
30 42 110 145 16 28 88 120
141 104 49 35 123 82 31 31
63 29 0 3 54 21 0 5
0 0 0 1 0 0 0 0
0 0 0 0 0 0 0 0
0 0 0 0 0 0 0 0
0 0 0 0 0 0 0 0
0 0 0 0 0 0 0 0
0 0 0 0 0 0 0 0
0 0 0 0 0 0 0 0
0 0 0 0 0 0 0 0
0 0 0 0 0 0 0 0
0 0 0 0 0 0 0 0
