0 0 0 0 0 0 0 0
0 0 0 0 0 0 0 0
0 0 0 0 0 0 0 0
0 0 0 0 0 0 0 0
0 0 0 0 0 0 0 0
4 21 0 0 0 6 0 0
25 64 10 1 9 32 2 0
60 132 51 6 35 96 31 3
75 168 103 15 54 148 65 8
78 180 130 20 63 169 80 10
83 187 149 25 66 177 89 13
87 195 162 28 68 182 94 14
89 201 177 35 71 191 101 17
94 209 184 38 78 201 105 18
96 212 186 39 84 212 111 20
94 213 192 42 85 215 116 21
93 213 195 44 84 214 119 22
96 217 195 44 86 217 119 22
97 218 198 45 86 217 120 22
88 213 205 50 81 214 127 24
81 208 211 54 77 212 134 27
87 212 207 51 81 214 130 25
89 214 207 51 82 215 129 25
96 220 207 50 86 219 127 24
98 222 208 51 88 221 129 24
97 222 211 53 88 222 133 26
102 225 209 51 92 225 131 24
104 227 209 51 93 225 130 24
102 226 212 54 90 225 132 25
105 229 211 53 93 225 130 24
106 229 212 53 93 225 130 24
105 229 213 54 93 227 133 25
109 231 211 52 96 228 131 24
106 230 213 54 93 227 133 25
105 230 213 55 92 225 132 25
106 230 213 54 92 225 130 24
104 230 215 56 90 224 131 25
103 229 215 56 89 222 130 25
110 231 207 50 91 222 119 22
106 228 207 49 89 220 119 22
105 224 188 38 87 213 101 17
82 192 135 21 63 169 65 9
25 74 33 4 14 47 13 1
0 2 0 0 0 1 0 0
0 0 0 0 0 0 0 0
0 0 0 0 0 0 0 0
0 0 0 0 0 0 0 0
0 0 0 0 0 0 0 0
0 0 0 0 0 0 0 0
0 0 0 0 0 0 0 0
0 0 0 0 0 0 0 0
0 0 0 0 0 0 0 0
0 0 0 0 0 0 0 0
0 0 0 0 0 0 0 0
0 0 0 0 0 0 0 0
