0 2 160 128 0 2 129 88
0 15 205 158 0 21 175 112
0 37 238 187 0 55 216 136
0 45 252 215 0 69 237 162
0 55 255 230 0 84 247 177
0 56 255 240 0 89 251 193
0 59 255 245 0 91 253 197
0 64 255 244 1 94 252 191
0 68 255 243 1 99 252 186
0 68 255 245 1 95 252 188
0 61 255 251 0 87 254 198
0 56 255 255 0 82 255 207
0 53 255 255 0 81 255 210
0 53 255 255 0 83 255 212
0 56 255 253 0 87 255 209
0 60 255 251 0 92 255 205
0 61 255 252 0 93 255 204
0 61 255 252 0 93 255 205
0 63 255 251 0 95 255 204
0 61 255 252 0 94 255 206
0 60 255 253 0 94 255 209
0 60 255 254 0 92 255 210
0 60 255 254 0 91 255 210
0 62 255 253 0 94 255 208
0 63 255 252 0 95 255 207
0 63 255 253 0 94 255 206
0 64 255 252 0 95 255 204
0 63 255 252 0 94 254 205
0 66 255 250 1 98 253 201
0 66 255 249 1 100 254 202
0 66 255 250 1 99 255 204
0 67 255 250 1 99 253 201
0 67 255 249 1 98 253 198
0 68 255 249 1 99 253 196
0 68 255 249 1 98 253 197
0 66 255 250 0 96 253 198
0 67 255 250 1 96 253 196
0 64 255 251 0 93 253 201
0 66 255 250 0 95 253 199
0 64 255 253 0 92 253 201
0 68 255 250 0 96 251 196
0 70 255 252 1 98 253 198
0 50 250 217 0 76 234 164
0 0 1 2 0 0 2 2
0 0 0 0 0 0 0 0
0 0 0 0 0 0 0 0
0 0 0 0 0 0 0 0
0 0 0 0 0 0 0 0
0 0 0 0 0 0 0 0
0 0 0 0 0 0 0 0
0 0 0 0 0 0 0 0
0 0 0 0 0 0 0 0
0 0 0 0 0 0 0 0
0 0 0 0 0 0 0 0
0 0 0 0 0 0 0 0
