0 0 0 0 0 0 0 0
0 0 0 0 0 0 0 0
0 0 0 0 0 0 0 0
0 0 0 0 0 0 0 0
0 0 0 0 0 0 0 0
0 0 0 0 0 0 0 0
22 25 25 29 13 16 15 26
50 45 32 31 41 34 24 30
61 52 34 37 56 43 30 33
67 56 40 42 62 47 35 37
69 60 49 58 65 51 45 49
77 66 58 71 72 57 50 57
61 52 34 37 56 43 30 33
67 56 40 42 62 47 35 37
69 60 49 58 65 51 45 49
77 66 58 71 72 57 50 57
82 71 60 74 79 61 52 59
82 69 59 74 78 60 52 59
79 67 58 75 76 58 52 60
78 67 61 77 74 57 52 62
81 69 61 77 77 60 53 62
83 70 63 80 78 60 55 64
85 72 64 81 79 62 55 65
83 72 66 85 79 62 58 69
94 82 76 101 98 78 78 90
0 0 0 2 0 0 0 3
0 0 0 0 0 0 0 0
0 0 0 0 0 0 0 0
0 0 0 0 0 0 0 0
0 0 0 0 0 0 0 0