0 0 0 0 0 0 0 0
0 0 0 0 0 0 0 0
0 0 0 0 0 0 0 0
0 0 0 0 0 0 0 0
0 0 0 0 0 0 0 0
0 0 0 0 0 0 0 0
21 10 0 0 23 10 0 0
89 70 27 22 93 62 20 18
94 83 61 61 93 73 46 43
67 64 61 68 65 54 46 50
55 45 28 31 64 48 25 26
72 55 20 19 106 78 34 25
53 52 61 75 86 83 87 91
83 81 80 87 101 88 82 80
117 95 42 30 117 80 28 25
128 101 34 24 136 91 32 20
125 106 58 50 134 100 54 43
117 106 80 78 114 89 61 55
127 103 51 40 116 78 29 29
127 97 29 18 131 86 23 18
109 90 45 39 130 96 50 39
97 94 91 97 109 95 88 84
101 98 91 95 106 91 80 75
115 101 63 56 122 91 52 42
120 100 45 36 140 103 50 34
104 97 84 88 125 106 90 84
111 106 97 102 115 97 85 80
129 108 56 45 120 84 35 29
141 109 29 18 137 86 22 14
141 118 53 43 146 104 48 33
116 109 93 95 125 103 84 76
103 103 106 114 108 95 93 90
117 110 91 89 119 96 75 66
128 115 75 68 137 106 67 53
125 117 93 93 141 115 93 81
114 114 114 123 124 109 105 103
117 114 106 109 116 97 86 80
128 118 88 82 127 99 69 58
123 117 92 91 136 110 87 76
119 118 118 127 128 112 109 107
116 116 118 127 115 100 99 97
118 113 100 101 116 95 80 73
122 116 93 91 130 104 84 73
115 113 108 116 127 110 103 100
119 118 119 129 121 107 104 102
131 125 113 116 130 109 94 86
130 118 88 84 133 106 75 63
10 6 0 5 13 5 0 4
0 0 0 2 0 0 0 2
0 0 0 1 0 0 0 1
0 0 0 1 0 0 0 1
0 0 0 1 0 0 0 0
0 0 0 1 0 0 0 0
0 0 0 0 0 0 0 0
0 0 0 0 0 0 0 0
