0 0 0 0 0 0 0 0
0 0 0 0 0 0 0 0
0 0 0 0 0 0 0 0
0 0 0 0 0 0 0 0
0 0 0 0 0 0 0 0
0 0 0 0 0 0 0 0
0 0 0 0 0 0 0 0
0 0 0 0 0 0 0 0
0 36 200 87 0 19 169 64
11 83 235 125 4 59 225 96
17 105 245 139 9 86 245 110
19 115 247 143 12 97 251 115
22 119 246 141 14 101 250 114
23 124 248 144 15 106 253 117
24 128 248 144 15 109 253 116
26 130 248 143 17 114 253 116
26 132 248 145 17 115 255 118
27 134 248 145 17 117 255 117
27 135 249 145 17 118 255 118
27 136 250 148 17 117 255 118
25 133 250 149 16 117 255 120
20 125 250 151 14 112 255 124
21 122 242 135 12 106 246 109
4 60 185 84 0 38 159 60
0 0 3 2 0 0 0 1
0 0 0 0 0 0 0 0
0 0 0 0 0 0 0 0
0 0 0 0 0 0 0 0
0 0 0 0 0 0 0 0
0 0 0 0 0 0 0 0
