0 0 0 0 0 0 0 0
0 0 0 0 0 0 0 0
0 0 0 0 0 0 0 0
0 0 0 0 0 0 0 0
0 0 0 0 0 0 0 0
0 0 2 3 0 0 0 0
0 0 0 2 0 0 0 0
0 2 98 36 0 0 25 11
0 38 211 105 0 21 144 56
4 64 237 134 3 44 197 82
8 79 247 146 8 62 227 100
8 80 253 156 9 70 244 118
9 85 255 158 11 74 248 120
10 87 255 161 11 76 250 122
10 87 255 163 11 76 251 124
8 83 255 168 10 73 253 128
9 86 255 167 10 76 252 126
10 89 255 166 12 80 253 127
10 90 255 170 12 81 255 131
11 92 255 168 12 82 255 128
11 92 255 164 12 81 253 123
7 77 240 132 6 57 212 87
0 4 61 23 0 0 21 9
0 0 0 0 0 0 0 0
0 0 0 0 0 0 0 0
0 0 0 0 0 0 0 0
0 0 0 0 0 0 0 0
0 0 0 0 0 0 0 0
0 0 0 0 0 0 0 0
0 0 0 0 0 0 0 0
