0 0 0 0 0 0 0 0
0 0 0 0 0 0 0 0
0 0 0 0 0 0 0 0
17 22 6 9 14 19 5 9
67 63 59 64 60 55 54 60
88 78 77 90 77 65 67 76
100 89 87 105 89 73 75 87
99 86 86 104 88 73 75 87
103 90 88 105 93 76 77 89
106 93 93 112 97 80 83 97
105 93 95 115 95 81 86 101
107 94 97 117 99 83 89 104
107 95 97 117 100 83 89 105
108 95 96 118 101 84 90 105
109 96 99 120 101 85 91 108
108 95 100 121 101 84 92 109
109 96 100 122 101 84 93 111
111 98 102 125 103 86 95 113
112 99 104 125 105 87 97 114
114 101 104 126 107 89 98 115
115 102 106 128 109 91 99 118
114 101 107 129 108 90 100 119
114 102 107 129 109 91 100 119
116 104 108 130 111 93 102 120
118 105 109 132 113 94 103 122
118 104 107 129 112 93 101 120
27 23 19 27 28 22 19 26
0 0 0 0 0 0 0 1
0 0 0 0 0 0 0 0
0 0 0 0 0 0 0 0
