0 0 0 0 0 0 0 0
0 0 0 0 0 0 0 0
0 0 0 0 0 0 0 0
0 0 0 0 0 0 0 0
0 0 0 0 0 0 0 0
0 0 0 0 0 0 0 0
0 0 0 0 0 0 0 0
0 0 0 0 0 0 0 0
0 0 0 0 0 0 0 0
70 48 17 14 51 37 10 9
113 78 26 20 94 66 20 15
131 93 39 31 116 84 36 26
155 125 103 98 146 122 101 91
152 125 110 111 141 120 105 100
151 127 114 117 136 116 105 101
150 128 114 120 131 112 102 98
150 128 112 117 128 107 96 91
151 128 107 110 127 105 88 82
154 127 98 96 129 103 77 68
155 125 91 85 132 102 69 60
159 125 86 76 136 105 65 54
167 126 76 59 155 117 65 48
171 132 92 78 164 130 91 72
164 133 111 108 155 130 110 99
159 136 121 127 144 122 112 106
157 133 105 107 135 109 87 78
160 129 94 87 140 110 75 64
164 127 84 71 150 115 71 56
165 127 86 75 154 121 79 64
160 129 100 96 151 123 95 84
156 133 111 118 136 113 97 92
158 131 98 98 132 103 76 67
161 128 84 78 136 102 62 51
168 128 74 60 154 115 61 45
171 131 84 73 163 129 82 65
165 131 96 92 159 129 96 84
160 134 109 114 150 125 105 97
162 135 102 103 145 116 89 78
165 131 89 83 147 115 76 62
168 127 76 63 157 119 67 50
165 127 84 73 162 128 85 68
162 132 108 107 160 134 111 102
159 133 110 114 150 125 107 99
154 124 85 85 138 108 73 62
112 75 23 19 85 50 10 10
19 8 0 2 14 6 0 1
0 0 0 1 0 0 0 0
0 0 0 0 0 0 0 0
0 0 0 0 0 0 0 0
0 0 0 0 0 0 0 0
0 0 0 0 0 0 0 0
0 0 0 0 0 0 0 0
0 0 0 0 0 0 0 0
0 0 0 0 0 0 0 0
0 0 0 0 0 0 0 0
