0 0 0 0 0 0 0 0
0 0 0 0 0 0 0 0
0 0 0 0 0 0 0 0
0 0 0 0 0 0 0 0
2 2 0 3 3 5 0 4
9 11 15 25 10 16 20 28
24 29 43 59 25 34 48 62
39 40 61 84 43 48 68 86
54 52 71 96 60 61 78 97
56 54 71 96 61 59 77 96
59 56 74 100 63 61 79 99
63 59 78 105 67 64 83 104
66 63 83 110 69 67 86 108
70 65 85 114 74 69 90 112
72 67 88 116 75 71 92 114
75 70 90 119 78 72 94 116
71 67 90 119 74 70 94 117
76 72 93 122 79 73 95 119
88 80 99 126 89 81 102 124
82 72 86 114 86 76 91 112
0 0 0 2 0 0 0 2
0 0 0 1 0 0 0 0
0 0 0 0 0 0 0 0
0 0 0 0 0 0 0 0
0 0 0 0 0 0 0 0
0 0 0 0 0 0 0 0
0 0 0 0 0 0 0 0
0 0 0 0 0 0 0 0
0 0 0 0 0 0 0 0
0 0 0 0 0 0 0 0
