0 0 0 0 0 0 0 0
0 0 0 0 0 0 0 0
0 8 28 20 0 18 52 22
31 90 89 50 38 123 131 50
49 131 137 80 58 165 191 77
56 145 149 91 65 177 208 88
72 165 156 95 76 190 214 90
103 196 169 102 96 210 221 93
104 202 179 110 98 215 230 101
124 216 179 109 112 226 232 99
133 221 178 107 119 232 234 99
131 221 179 109 121 234 238 102
138 224 176 106 128 238 237 101
131 223 181 112 120 237 242 106
138 226 180 111 124 239 241 104
137 226 179 110 122 238 240 104
128 223 182 113 116 236 243 107
134 225 179 111 120 238 242 105
132 224 179 112 119 238 243 107
131 225 183 114 117 238 245 109
133 227 183 115 118 239 245 109
133 227 184 117 117 239 246 110
136 229 182 115 119 239 245 110
138 230 181 115 120 240 245 109
134 228 184 117 117 239 247 111
131 227 184 119 115 239 248 113
131 228 185 120 114 239 248 113
131 228 185 121 113 238 248 114
131 228 186 122 112 238 249 114
130 228 185 122 111 238 248 114
130 228 186 122 109 238 249 115
129 229 186 124 108 237 249 115
126 228 191 128 104 235 250 117
149 236 178 112 116 239 239 102
135 227 174 110 113 236 240 104
115 219 185 123 98 230 248 116
126 226 187 123 100 231 245 110
135 231 188 123 105 234 245 109
134 231 191 127 105 235 247 112
138 234 191 127 107 237 248 112
127 231 197 136 99 234 252 118
101 218 207 150 80 224 255 128
34 125 197 139 35 159 250 126
0 1 3 4 0 0 3 1
0 0 0 1 0 0 0 0
0 0 0 0 0 0 0 0
0 0 0 0 0 0 0 0
0 0 0 0 0 0 0 0
0 0 0 0 0 0 0 0
0 0 0 0 0 0 0 0
0 0 0 0 0 0 0 0
0 0 0 0 0 0 0 0
0 0 0 0 0 0 0 0
0 0 0 0 0 0 0 0
0 0 0 0 0 0 0 0
