0 0 0 0 0 0 0 0
0 0 0 0 0 0 0 0
0 0 0 0 0 0 0 0
0 0 0 0 0 0 0 0
0 0 0 0 0 0 0 0
0 0 0 0 0 0 0 0
0 0 0 1 0 0 0 0
10 11 16 29 5 4 7 20
12 15 30 49 10 14 27 41
8 17 60 99 11 22 67 96
6 14 57 98 6 14 56 86
24 28 48 72 22 26 43 60
34 30 24 32 40 32 26 27
35 35 42 60 53 49 61 68
17 23 70 112 30 44 101 128
10 19 79 129 14 32 101 138
6 18 81 133 7 20 86 126
19 31 81 122 17 27 75 107
40 43 64 83 39 39 54 71
66 60 55 59 78 62 54 61
64 61 60 69 87 73 74 80
42 48 74 100 66 65 99 119
25 36 86 125 40 49 107 140
29 40 91 130 31 40 95 131
37 46 89 123 27 33 74 106
69 64 68 79 58 50 48 62
84 68 43 39 82 58 31 36
75 64 48 52 88 68 54 53
42 42 58 80 55 50 71 82
33 40 78 111 38 43 86 110
37 45 90 125 30 37 83 112
45 52 92 123 29 34 71 100
80 75 80 91 66 57 57 70
110 89 57 50 104 77 41 46
96 79 51 49 100 75 47 46
78 69 57 64 94 76 67 67
32 42 94 135 27 38 95 134
38 46 93 131 31 40 90 126
47 53 91 124 39 45 84 116
63 64 89 114 55 56 78 103
83 79 92 110 78 71 80 101
118 100 89 94 128 108 90 102
28 18 10 17 20 14 5 13
0 0 0 2 0 0 0 3
0 0 0 1 0 0 0 2
0 0 0 0 0 0 0 1
0 0 0 0 0 0 0 1
0 0 0 0 0 0 0 0
0 0 0 0 0 0 0 0
0 0 0 0 0 0 0 0
0 0 0 0 0 0 0 0
0 0 0 0 0 0 0 0
0 0 0 0 0 0 0 0
0 0 0 0 0 0 0 0
0 0 0 0 0 0 0 0
