0 0 0 0 0 0 0 0
0 0 0 0 0 0 0 0
0 0 0 0 0 0 0 0
0 0 0 0 0 0 0 0
0 0 0 0 0 0 0 0
0 0 0 0 0 0 0 0
19 117 127 41 36 167 166 50
37 167 151 49 66 214 188 57
58 206 169 51 83 233 191 56
66 217 174 53 92 241 195 57
62 214 178 56 93 241 202 62
64 219 181 57 97 244 206 64
61 217 183 59 96 245 210 67
67 224 185 59 100 247 209 67
63 220 187 61 99 246 213 69
61 218 188 62 99 246 216 72
59 218 192 65 97 246 221 76
58 218 195 67 96 246 222 77
67 224 186 59 101 247 208 66
51 190 136 37 74 217 153 40
0 20 9 2 0 21 11 1
0 0 0 0 0 0 0 0
0 0 0 0 0 0 0 0
0 0 0 0 0 0 0 0
0 0 0 0 0 0 0 0
0 0 0 0 0 0 0 0
0 0 0 0 0 0 0 0
0 0 0 0 0 0 0 0
0 0 0 0 0 0 0 0
0 0 0 0 0 0 0 0
