0 0 0 0 0 0 0 0
0 0 0 0 0 0 0 0
0 0 0 0 0 0 0 0
0 0 0 0 0 0 0 0
3 0 0 0 10 5 0 0
8 9 10 20 13 18 16 22
21 22 25 31 27 28 26 34
17 19 13 23 37 32 28 26
14 16 20 35 29 33 41 45
17 24 48 76 24 35 65 81
34 44 62 84 36 43 65 75
45 48 54 61 50 48 52 52
43 48 41 51 63 57 61 53
28 36 54 79 47 55 83 93
28 38 74 111 38 55 101 123
33 45 77 108 42 54 93 108
55 60 68 81 63 65 71 72
67 65 51 53 82 74 61 51
70 67 45 50 93 83 69 57
55 60 67 88 78 82 97 103
53 64 87 118 70 81 114 127
57 68 89 116 70 76 103 111
78 79 77 87 90 86 84 79
74 75 66 76 96 91 87 78
57 64 75 98 83 87 107 110
47 60 89 124 66 79 119 134
51 64 92 125 63 73 110 123
83 82 75 83 87 81 71 67
79 76 64 68 89 81 66 59
63 65 61 73 88 85 86 80
45 56 82 114 68 80 115 128
41 56 93 130 59 74 120 138
58 70 93 120 72 79 105 112
71 72 68 74 90 86 77 69
64 65 62 71 87 84 80 73
42 50 68 91 65 73 96 102
40 52 80 112 55 65 101 113
56 65 79 98 64 66 81 83
57 60 66 75 70 70 70 67
44 48 55 67 66 69 75 71
28 43 84 121 47 65 116 134
25 45 96 144 39 58 124 146
57 68 93 117 70 75 101 104
54 51 38 41 72 65 44 36
0 0 0 2 0 0 0 2
0 0 0 1 0 0 0 0
0 0 0 0 0 0 0 0
0 0 0 0 0 0 0 0
0 0 0 0 0 0 0 0
0 0 0 0 0 0 0 0
0 0 0 0 0 0 0 0
0 0 0 0 0 0 0 0
0 0 0 0 0 0 0 0
0 0 0 0 0 0 0 0
0 0 0 0 0 0 0 0
