0 0 0 0 0 0 0 0
0 0 0 0 0 0 0 0
0 0 29 16 0 3 53 26
0 4 65 36 0 16 108 54
0 23 118 62 4 58 179 91
3 51 157 79 22 108 216 111
13 80 179 87 47 153 233 118
23 105 187 87 71 182 238 117
39 135 203 95 107 214 248 126
46 147 205 95 124 225 251 128
39 143 214 105 123 227 255 146
40 146 220 111 122 228 255 149
40 148 224 116 117 226 255 152
50 160 224 112 129 232 255 142
66 175 220 104 151 239 255 129
59 170 224 110 144 238 255 139
58 169 228 115 140 237 255 145
61 173 229 116 142 238 255 142
60 173 230 119 138 237 255 145
59 172 232 121 136 236 255 147
56 169 232 122 134 235 255 151
55 169 232 123 133 235 255 152
55 169 234 125 130 234 255 154
59 174 235 126 132 234 255 152
59 173 235 126 132 235 255 152
56 171 237 129 128 234 255 155
61 176 237 129 131 235 255 154
66 180 237 127 136 236 255 150
72 185 234 122 144 239 255 145
74 185 230 116 150 241 255 139
64 177 232 121 141 238 255 147
62 176 235 125 135 235 255 150
66 180 236 125 136 236 255 147
72 184 233 120 141 238 255 139
67 179 232 120 139 236 255 143
60 172 230 120 135 234 255 147
51 164 236 130 119 229 255 157
61 174 237 128 125 232 255 149
75 186 234 121 137 234 255 136
77 186 232 119 140 236 255 134
67 178 232 120 135 234 255 140
57 169 236 129 121 230 255 151
54 167 239 134 113 225 255 153
64 177 241 134 113 225 255 145
57 167 236 128 98 213 253 136
36 121 186 85 62 165 200 89
8 42 85 33 12 57 81 29
0 4 14 7 0 6 17 6
0 0 0 0 0 0 0 0
0 0 0 0 0 0 0 0
0 0 0 0 0 0 0 0
0 0 0 0 0 0 0 0
0 0 0 0 0 0 0 0
0 0 0 0 0 0 0 0
0 0 0 0 0 0 0 0
