0 0 0 0 0 0 0 0
0 0 0 0 0 0 0 0
0 0 0 0 0 0 0 0
11 11 0 4 12 14 0 3
24 27 27 34 25 29 28 33
65 56 47 57 70 60 51 57
87 73 71 94 95 79 79 95
95 78 75 101 102 84 84 102
95 78 77 105 101 83 85 104
98 81 79 108 103 84 86 105
98 81 79 108 104 85 86 106
99 83 83 112 104 86 89 109
102 84 85 115 106 86 91 112
103 86 86 116 108 88 93 113
104 87 88 119 109 89 94 116
104 87 89 120 109 89 95 118
105 88 89 120 109 90 95 117
103 86 88 119 107 88 93 116
104 86 86 117 107 87 92 113
106 88 88 118 109 88 93 114
108 89 88 119 111 90 94 115
107 88 85 114 110 88 90 109
95 74 65 88 99 76 72 87
2 3 0 5 8 5 1 6
0 0 0 0 0 0 0 0
0 0 0 0 0 0 0 0
0 0 0 0 0 0 0 0
0 0 0 0 0 0 0 0
0 0 0 0 0 0 0 0
0 0 0 0 0 0 0 0
