0 0 0 0 0 0 0 0
0 0 0 0 0 0 0 0
0 0 0 0 0 0 0 0
0 0 0 0 0 0 0 0
0 0 0 0 0 0 0 0
0 0 0 0 0 0 0 0
0 0 0 0 0 0 0 0
0 0 0 0 0 0 0 0
0 0 0 0 0 0 0 0
0 63 136 71 0 15 104 49
0 63 136 71 0 15 104 49
31 152 204 106 6 62 176 68
47 184 223 119 16 96 200 76
51 194 225 122 20 110 209 77
50 195 231 128 18 110 212 78
54 198 226 121 19 110 205 74
56 200 223 117 18 107 198 71
58 202 224 118 18 109 198 71
60 205 220 115 21 113 194 69
60 206 222 116 20 111 194 69
67 214 219 111 27 125 194 69
51 198 220 115 21 115 200 71
0 20 57 29 0 2 42 22
0 0 0 0 0 0 0 0
0 0 0 0 0 0 0 0
0 0 0 0 0 0 0 0
0 0 0 0 0 0 0 0
0 0 0 0 0 0 0 0
0 0 0 0 0 0 0 0
0 0 0 0 0 0 0 0