0 0 0 0 0 0 0 0
0 0 0 0 0 0 0 0
0 0 0 0 0 0 0 0
0 0 0 0 0 0 0 0
0 0 0 0 0 0 0 0
0 0 0 0 0 0 0 0
0 0 0 0 0 0 0 0
21 25 11 11 21 24 12 12
59 56 42 44 60 57 46 48
94 82 69 75 88 75 67 74
107 92 79 89 101 84 76 84
114 98 88 102 108 88 83 92
117 102 93 110 111 90 87 97
117 102 93 109 112 91 86 97
117 102 93 111 112 91 88 98
118 102 93 110 112 91 87 98
117 102 93 111 111 91 88 98
118 102 93 111 112 91 87 98
119 103 95 113 113 92 90 101
119 103 97 115 113 92 90 102
120 104 98 116 114 94 93 105
120 105 99 117 114 94 93 105
120 105 98 117 114 94 93 105
121 105 98 117 116 95 93 105
119 103 95 113 113 92 90 101
105 89 79 96 95 76 71 82
0 0 0 3 0 0 0 4
0 0 0 0 0 0 0 1
0 0 0 0 0 0 0 0
0 0 0 0 0 0 0 0
