0 0 0 0 0 0 0 0
0 0 0 0 0 0 0 0
0 0 0 0 0 0 0 0
0 0 0 0 0 0 0 0
0 0 0 0 0 0 0 0
0 0 0 0 0 0 0 0
0 0 0 0 0 0 0 0
0 0 5 1 0 0 0 0
0 0 0 0 0 0 0 0
0 21 35 16 0 18 35 11
5 56 88 45 6 59 110 37
13 96 163 94 11 95 196 80
17 113 193 126 12 106 223 104
25 146 215 146 17 132 237 111
33 169 224 154 21 149 240 110
41 188 230 158 25 166 242 107
45 197 237 167 27 173 246 108
45 200 239 173 28 177 248 110
55 211 236 159 34 191 245 100
59 214 232 148 39 198 243 96
47 203 237 165 31 187 250 109
35 191 244 191 23 172 255 124
29 181 248 208 18 159 255 133
27 179 251 215 16 153 255 135
25 175 252 222 14 147 255 136
24 173 253 225 12 142 255 137
25 177 253 225 13 144 255 135
31 189 252 212 17 157 255 124
35 194 248 197 21 167 253 118
27 183 247 200 18 163 255 127
26 180 244 195 19 163 255 127
29 182 240 180 22 169 253 120
29 182 238 175 23 172 253 118
30 184 237 173 24 173 253 116
31 186 239 174 24 175 253 116
32 188 241 177 24 175 253 116
33 190 241 178 24 177 253 116
33 192 241 177 25 179 253 116
34 193 242 177 26 181 254 115
34 193 242 178 26 181 255 116
32 190 244 185 24 178 255 121
30 187 244 186 23 177 255 122
24 175 244 191 20 168 255 130
11 135 244 203 10 132 255 143
1 77 220 182 1 71 234 122
0 5 18 15 0 2 16 7
0 0 0 0 0 0 0 0
0 0 0 0 0 0 0 0
0 0 0 0 0 0 0 0
0 0 0 0 0 0 0 0
0 0 0 0 0 0 0 0
0 0 0 0 0 0 0 0
0 0 0 0 0 0 0 0
0 0 0 0 0 0 0 0
0 0 0 0 0 0 0 0
