0 0 0 0 0 0 0 0
0 0 0 0 0 0 0 0
0 0 0 0 0 0 0 0
0 0 0 0 0 0 0 0
0 2 23 8 0 0 33 12
17 84 176 70 9 63 197 85
44 153 232 106 23 106 235 109
52 172 248 127 28 122 250 125
58 186 255 138 31 137 255 132
62 194 255 145 34 149 255 137
61 195 255 150 34 156 255 143
64 200 255 147 36 163 255 142
55 192 255 156 33 159 255 149
50 185 255 163 31 153 255 154
52 186 255 165 31 151 255 152
55 190 255 166 31 150 255 150
53 188 255 168 30 149 255 152
56 193 255 164 31 153 255 149
55 192 255 167 31 151 255 150
56 193 255 169 31 150 255 150
57 195 255 169 31 150 255 148
59 197 255 167 32 153 255 147
63 201 255 163 34 155 255 145
64 202 255 162 34 157 255 143
66 205 255 160 35 159 255 141
65 204 255 162 34 157 255 142
66 205 255 161 34 157 255 141
67 206 255 161 35 159 255 141
67 205 255 161 35 159 255 142
66 204 255 163 34 157 255 143
68 207 255 160 35 159 255 140
66 204 255 162 33 158 255 142
65 203 255 162 34 159 255 143
64 203 255 163 34 159 255 145
66 204 255 163 34 159 255 143
68 206 255 162 34 159 255 141
67 206 255 164 34 156 255 141
68 206 255 163 34 156 255 140
69 207 255 163 34 157 255 139
67 206 255 163 34 156 255 141
59 197 255 168 31 152 255 147
57 194 255 171 30 149 255 150
58 195 255 172 30 148 255 149
59 196 255 173 30 145 255 146
53 188 255 183 27 134 255 149
59 190 255 161 28 133 255 132
59 181 244 123 25 119 232 103
0 5 11 6 0 3 17 8
0 0 0 0 0 0 0 0
0 0 0 0 0 0 0 0
0 0 0 0 0 0 0 0
0 0 0 0 0 0 0 0
0 0 0 0 0 0 0 0
0 0 0 0 0 0 0 0
0 0 0 0 0 0 0 0
