0 0 0 0 0 0 0 0
0 0 0 0 0 0 0 0
0 0 0 0 0 0 0 0
0 0 0 0 0 0 0 0
0 0 0 0 0 0 0 0
0 0 0 0 0 0 0 0
14 17 8 13 21 24 15 14
26 27 26 32 39 40 40 40
29 29 35 47 43 44 53 59
33 32 36 48 50 47 54 60
35 33 36 48 51 47 55 60
35 34 39 51 52 48 56 62
36 36 41 54 53 49 57 64
38 36 42 57 54 50 60 67
40 39 44 58 57 53 61 69
42 40 47 62 59 54 64 72
43 42 48 65 60 54 65 74
46 44 50 67 63 56 66 76
55 51 55 72 72 62 71 81
56 52 58 77 74 64 76 87
56 52 59 80 74 64 76 89
58 53 60 80 74 64 76 89
73 65 67 86 88 74 82 94
75 66 67 87 90 74 84 95
0 0 0 2 0 0 0 1
0 0 0 0 0 0 0 0
0 0 0 0 0 0 0 0
0 0 0 0 0 0 0 0
0 0 0 0 0 0 0 0
0 0 0 0 0 0 0 0
