0 0 0 0 0 0 0 0
0 0 0 0 0 0 0 0
0 0 0 0 0 0 0 0
0 0 0 0 0 0 0 0
0 0 0 0 0 0 0 0
0 18 111 31 0 0 24 10
0 38 198 67 0 9 62 23
1 60 231 99 0 28 107 44
5 84 250 127 4 58 165 77
6 88 254 134 6 67 180 89
7 93 255 137 8 77 193 97
8 97 255 141 10 84 202 103
8 98 255 143 11 88 210 110
9 102 255 141 13 95 213 111
9 102 255 142 13 95 214 111
9 102 255 142 13 95 214 112
10 103 255 142 13 95 215 112
10 104 255 144 14 96 218 113
10 105 255 143 15 100 218 113
11 109 255 141 16 105 221 112
10 106 255 150 15 100 227 123
12 113 255 143 19 110 227 116
11 102 245 113 19 106 195 84
0 0 0 0 0 0 0 0
0 0 0 0 0 0 0 0
0 0 0 0 0 0 0 0
0 0 0 0 0 0 0 0
0 0 0 0 0 0 0 0
0 0 0 0 0 0 0 0
0 0 0 0 0 0 0 0
