0 0 0 0 0 0 0 0
0 0 0 0 0 0 0 0
0 0 0 0 0 0 0 0
0 0 0 0 0 0 0 0
0 0 0 0 0 0 0 0
0 0 0 0 0 0 0 0
0 0 0 0 0 0 0 0
11 15 8 17 10 10 5 13
44 39 27 31 45 40 24 28
55 46 34 41 58 47 33 38
55 49 48 63 57 50 48 60
69 60 58 77 72 61 59 73
78 66 64 85 82 68 66 82
80 67 65 88 84 70 69 85
78 66 67 90 83 70 70 88
77 64 64 88 82 69 69 87
82 68 65 89 87 73 70 89
86 71 70 95 90 76 75 94
90 74 73 98 95 79 78 96
92 76 74 99 97 80 79 97
96 79 77 102 101 83 82 100
103 84 79 105 107 87 85 103
90 72 71 95 95 77 75 94
5 5 5 15 10 12 9 22
0 0 0 0 0 0 0 0
0 0 0 0 0 0 0 0
0 0 0 0 0 0 0 0
0 0 0 0 0 0 0 0
0 0 0 0 0 0 0 0
0 0 0 0 0 0 0 0
