0 0 0 0 0 0 0 0
0 0 0 0 0 0 0 0
0 0 0 0 0 0 0 0
13 11 3 8 11 8 0 5
42 34 17 17 40 28 10 12
68 55 31 25 59 42 16 24
71 57 26 20 70 47 17 24
45 41 27 29 58 45 30 30
14 24 59 85 17 27 55 71
35 43 61 77 23 25 36 45
52 48 40 41 38 32 20 28
58 50 29 28 65 50 28 26
31 35 51 67 44 47 58 64
30 40 69 91 31 39 65 74
69 64 51 52 62 51 33 35
72 60 34 30 76 58 26 26
64 56 37 36 84 68 43 36
55 59 72 86 69 68 76 78
65 69 75 85 66 62 64 64
76 68 52 50 75 61 37 35
74 64 37 34 88 69 38 31
51 52 51 59 75 69 63 60
47 54 77 95 65 68 86 90
51 56 69 81 62 60 68 68
54 54 56 61 64 58 54 52
59 55 43 44 84 71 54 46
48 48 49 57 79 73 71 67
46 53 73 89 67 69 86 89
65 66 65 71 69 62 55 53
82 72 51 46 84 66 39 34
76 69 47 44 91 73 48 37
57 61 68 79 77 73 77 75
59 64 79 91 69 67 76 77
74 72 66 67 73 62 50 47
84 73 46 40 88 68 37 30
74 67 42 40 92 74 47 36
35 42 59 74 53 57 68 72
34 44 71 91 38 43 65 73
57 60 63 71 51 47 45 46
77 68 44 40 79 62 34 28
74 66 38 35 89 70 41 31
58 57 52 58 74 66 57 53
50 56 73 87 53 53 65 68
65 64 60 66 58 51 42 42
75 68 46 45 74 58 33 29
80 69 40 36 90 70 39 30
62 62 64 73 76 71 67 66
52 59 79 96 59 61 76 80
69 68 63 70 62 53 45 43
90 74 36 30 85 60 23 20
87 75 45 41 92 71 39 32
89 84 74 77 90 76 60 57
109 98 70 67 100 77 46 40
117 97 44 35 106 74 25 20
0 1 0 3 0 0 0 2
