0 0 0 0 0 0 0 0
0 0 0 0 0 0 0 0
0 0 0 0 0 0 0 0
0 0 0 0 0 0 0 0
0 0 0 0 0 0 0 0
0 0 0 0 0 0 0 0
0 0 0 0 0 0 0 0
0 0 0 0 0 0 0 0
10 12 8 16 7 8 6 15
32 34 34 41 23 24 24 34
69 61 53 62 51 46 36 48
74 65 57 68 57 50 43 55
82 71 61 73 68 57 47 60
86 75 67 81 73 62 54 67
86 75 69 85 74 64 59 73
87 76 70 87 75 65 60 76
90 77 71 88 79 67 62 77
88 76 72 92 79 67 65 82
91 79 74 94 85 72 70 86
93 79 75 96 89 76 74 90
76 65 63 84 71 60 60 78
37 28 20 26 30 22 13 23
0 0 0 0 0 0 0 1
0 0 0 0 0 0 0 0
0 0 0 0 0 0 0 0
0 0 0 0 0 0 0 0
0 0 0 0 0 0 0 0
0 0 0 0 0 0 0 0
0 0 0 0 0 0 0 0
0 0 0 0 0 0 0 0
