0 0 0 0 0 0 0 0
0 0 0 0 0 0 0 0
0 0 0 0 0 0 0 0
0 0 0 0 0 0 0 0
0 0 0 0 0 0 0 0
6 3 0 2 7 5 0 1
21 16 0 2 21 16 0 1
38 39 24 27 32 33 18 18
52 53 32 33 44 41 23 22
32 34 29 34 36 41 34 31
19 23 36 50 28 42 56 59
18 24 62 94 21 41 88 108
19 34 74 112 25 41 95 116
34 48 70 96 39 51 82 91
63 62 52 58 73 71 62 55
62 58 41 45 84 81 65 56
45 47 49 61 69 74 81 82
33 44 67 93 48 62 97 110
35 52 80 111 43 56 98 112
66 73 71 85 65 65 69 69
85 79 52 53 86 76 50 42
75 68 44 45 97 88 64 53
57 57 57 68 84 87 90 89
40 52 79 107 60 76 114 129
39 58 93 129 52 67 118 137
49 67 88 117 56 64 100 110
76 79 69 81 79 75 71 68
86 80 55 55 101 91 66 55
74 70 56 61 103 97 86 78
57 62 74 94 87 95 115 123
69 76 87 108 89 95 115 122
70 79 85 105 80 81 97 101
83 84 73 81 91 86 78 72
88 84 63 66 107 98 80 68
78 75 62 70 107 102 94 87
46 55 75 99 72 85 113 125
40 56 89 123 57 73 120 140
48 66 88 120 58 66 104 117
66 73 73 89 72 70 77 77
67 69 65 76 86 84 84 80
68 70 70 85 95 95 103 104
54 61 78 101 78 86 112 124
39 56 93 131 54 73 125 149
43 64 98 137 54 65 118 139
62 72 82 107 69 71 92 99
20 20 8 15 19 16 9 11
0 0 0 2 0 0 0 2
0 0 0 1 0 0 0 1
0 0 0 1 0 0 0 0
0 0 0 1 0 0 0 0
0 0 0 0 0 0 0 0
0 0 0 0 0 0 0 0
0 0 0 0 0 0 0 0
0 0 0 0 0 0 0 0
0 0 0 0 0 0 0 0
