0 0 0 0 0 0 0 0
0 0 0 0 0 0 0 0
0 0 0 0 0 0 0 0
0 0 3 2 0 0 0 0
0 0 0 0 0 0 0 0
0 0 1 0 0 0 2 0
0 14 40 11 0 18 52 14
7 60 160 53 12 86 205 80
13 81 194 68 22 119 237 103
19 104 206 71 33 145 242 102
38 143 197 58 57 176 223 72
58 167 186 49 82 199 211 59
53 161 191 53 88 207 225 71
36 145 203 63 69 195 240 90
46 158 207 62 74 199 234 80
72 181 190 50 97 211 210 57
74 182 186 48 109 220 213 59
50 162 198 57 93 214 235 80
33 145 215 70 68 196 248 100
40 156 217 69 74 201 244 90
73 183 195 52 106 218 216 59
67 180 193 52 111 223 222 64
44 160 205 61 89 213 240 85
28 141 225 78 59 191 255 110
45 164 218 68 79 206 242 84
71 183 197 53 109 222 221 63
51 168 205 59 99 219 238 80
40 158 215 68 83 212 248 95
51 169 216 67 87 213 241 82
74 186 204 56 106 221 222 63
75 185 195 52 117 226 221 62
57 172 201 56 106 222 234 75
47 166 209 62 92 215 241 84
68 180 204 56 109 224 229 69
70 182 205 57 110 225 231 70
74 186 205 56 117 228 229 68
75 186 205 56 117 228 230 68
80 189 204 55 122 230 227 66
79 189 204 55 122 230 229 67
80 190 204 55 123 232 228 67
80 189 204 56 122 231 230 68
81 190 206 56 122 231 230 68
83 192 206 56 124 232 229 67
83 192 207 56 120 230 227 65
81 188 200 53 111 222 217 60
62 169 188 49 86 200 201 53
30 112 116 25 41 124 114 26
0 10 9 2 0 5 5 2
0 0 0 0 0 0 0 0
0 0 0 0 0 0 0 0
0 0 0 0 0 0 0 0
0 0 0 0 0 0 0 0
0 0 0 0 0 0 0 0
0 0 0 0 0 0 0 0
0 0 0 0 0 0 0 0
