0 0 0 0 0 0 0 0
0 0 0 0 0 0 0 0
0 0 0 0 0 0 0 0
0 0 0 0 0 0 0 0
0 0 34 12 0 0 32 10
0 12 196 102 0 21 189 82
1 44 234 132 2 52 235 105
18 100 236 115 24 112 230 79
19 107 239 123 30 123 236 86
24 117 238 118 37 135 234 81
24 118 241 123 37 136 237 86
21 115 241 124 34 133 239 90
22 116 241 125 34 133 240 90
22 117 242 126 33 132 240 90
22 119 242 125 34 134 239 88
22 119 241 124 34 134 240 89
22 119 241 124 34 134 240 90
23 121 241 121 36 138 240 88
22 118 241 123 35 135 240 90
22 119 241 122 36 137 240 90
23 120 240 121 36 138 240 90
24 123 240 121 39 141 240 88
25 125 241 122 40 143 242 90
25 124 241 121 40 145 242 90
24 122 239 119 41 144 241 90
8 60 134 47 18 87 148 42
0 0 0 0 0 0 0 0
0 0 0 0 0 0 0 0
0 0 0 0 0 0 0 0
0 0 0 0 0 0 0 0
