0 0 0 0 0 0 0 0
0 0 0 0 0 0 0 0
0 0 0 0 0 0 0 0
0 0 0 0 0 0 0 0
0 0 0 0 0 0 0 0
0 0 31 6 0 0 18 4
0 20 107 29 0 8 98 24
2 67 188 59 1 38 186 52
6 83 215 75 4 49 213 68
8 89 241 101 5 56 240 97
12 105 252 116 9 71 250 113
13 107 255 123 9 70 252 118
10 100 255 133 6 60 253 128
6 84 255 141 2 41 254 133
4 74 255 150 0 34 255 145
3 69 255 158 0 32 255 155
4 73 255 161 0 34 255 158
5 76 255 165 0 35 255 162
5 76 255 168 1 36 255 166
6 82 255 165 1 40 255 160
6 85 255 164 2 41 255 160
7 85 255 165 2 41 255 160
6 84 255 167 1 39 255 162
5 80 255 170 1 36 255 167
5 83 255 169 1 38 255 163
6 82 255 170 1 36 255 166
5 80 255 172 1 35 255 167
6 81 255 171 1 36 255 166
9 93 255 165 3 44 255 158
12 105 255 158 5 52 255 150
12 106 255 159 5 53 255 151
12 106 255 161 5 53 255 154
12 108 255 161 6 55 255 154
12 106 255 162 5 53 255 155
11 102 255 166 5 50 255 160
10 100 255 168 4 48 255 161
9 97 255 170 3 45 255 162
10 99 255 171 4 45 255 161
11 102 255 169 4 47 255 159
13 108 255 166 6 52 255 155
13 109 255 165 6 53 255 155
11 102 255 170 5 47 255 161
10 101 255 171 4 47 255 162
12 107 255 166 6 52 255 158
14 111 255 164 7 56 255 158
12 105 255 167 6 54 255 164
6 85 255 176 2 38 255 176
2 60 255 179 0 23 255 178
0 35 255 163 0 11 235 158
0 10 155 73 0 0 121 65
0 0 0 1 0 0 0 0
0 0 0 0 0 0 0 0
0 0 0 0 0 0 0 0
0 0 0 0 0 0 0 0
0 0 0 0 0 0 0 0
