0 0 0 0 0 0 0 0
0 0 0 0 0 0 0 0
0 0 0 0 0 0 0 0
0 0 0 0 0 0 0 0
0 0 0 0 0 0 0 0
4 5 0 5 5 7 0 6
13 17 9 15 14 18 11 15
24 27 18 22 25 28 19 22
28 30 22 27 29 31 24 28
32 34 26 31 32 34 28 32
33 35 28 34 34 36 31 35
37 38 29 35 39 40 33 37
42 42 31 37 45 43 35 39
46 44 32 38 49 45 36 40
50 46 34 39 53 47 39 42
53 48 35 41 57 50 40 44
58 52 36 41 63 53 42 45
62 54 38 44 66 55 44 48
66 56 39 44 70 58 45 48
72 60 39 44 77 62 47 48
77 63 34 38 84 65 43 43
64 52 27 31 71 55 36 36
54 44 24 30 61 48 34 35
55 43 22 28 61 47 31 32
53 42 20 25 59 45 28 29
63 48 18 20 67 48 23 22
5 3 0 2 5 2 0 2
0 0 0 0 0 0 0 0
0 0 0 0 0 0 0 0
0 0 0 0 0 0 0 0
