0 0 0 0 0 0 0 0
0 0 0 0 0 0 0 0
0 0 0 0 0 0 0 0
0 0 0 0 0 0 0 0
0 0 0 0 0 0 0 0
0 0 0 0 0 0 0 0
0 0 0 0 0 0 0 0
1 7 14 24 0 2 11 22
33 40 45 57 25 29 35 45
58 57 62 81 43 43 52 69
76 71 75 98 60 56 69 87
81 72 73 96 67 60 69 88
75 69 74 100 62 58 71 92
72 66 74 100 58 56 70 92
75 70 77 103 63 59 74 96
73 68 76 103 60 57 74 96
74 69 79 106 61 58 76 99
72 68 78 105 59 57 75 98
75 70 79 106 62 59 77 100
75 70 80 107 63 60 77 100
75 68 78 105 61 59 75 98
77 70 79 106 65 62 77 100
79 72 82 109 67 64 80 103
77 70 79 106 64 61 76 99
54 49 57 83 43 43 56 78
0 0 0 1 0 0 0 0
0 0 0 0 0 0 0 0
0 0 0 0 0 0 0 0
0 0 0 0 0 0 0 0
0 0 0 0 0 0 0 0
