0 0 0 0 0 0 0 0
0 0 0 0 0 0 0 0
0 0 0 0 0 0 0 0
0 0 0 0 0 0 0 0
0 0 1 0 0 0 2 0
0 0 9 6 0 0 31 17
0 18 126 67 0 14 203 129
7 78 203 96 2 53 250 153
19 119 221 100 8 83 255 151
23 133 230 107 11 100 255 159
24 142 239 114 13 114 255 170
26 149 241 116 15 124 255 173
21 133 245 127 11 110 255 192
18 128 248 132 10 104 255 198
21 133 249 132 11 106 255 195
21 134 248 132 11 106 255 193
21 134 248 131 10 107 255 192
20 132 248 132 11 106 255 193
19 129 248 132 10 105 255 197
18 129 248 132 10 105 255 197
18 128 248 132 10 106 255 197
21 135 248 129 12 112 255 193
20 133 248 130 11 111 255 193
19 131 248 132 11 109 255 197
20 133 248 131 11 111 255 195
20 133 248 132 11 110 255 195
19 132 249 132 11 110 255 196
19 133 248 132 11 110 255 195
19 132 249 132 11 109 255 196
19 132 249 132 10 109 255 197
19 133 249 132 10 110 255 197
19 133 249 132 11 110 255 197
19 133 249 132 11 110 255 197
19 133 249 132 11 110 255 198
19 133 249 132 11 111 255 197
19 132 248 132 10 110 255 198
18 130 248 131 10 109 255 198
22 138 248 128 12 115 255 190
22 140 247 127 12 119 255 190
22 141 247 127 12 119 255 190
23 143 248 127 12 120 255 189
23 146 248 129 13 121 255 188
23 147 251 132 12 121 255 193
21 141 253 137 11 117 255 207
19 133 252 137 9 111 255 209
30 160 237 109 16 131 255 155
4 49 63 21 0 27 62 23
0 0 0 0 0 0 0 0
0 0 0 0 0 0 0 0
0 0 0 0 0 0 0 0
0 0 0 0 0 0 0 0
0 0 0 0 0 0 0 0
0 0 0 0 0 0 0 0
0 0 0 0 0 0 0 0
0 0 0 0 0 0 0 0
