0 0 0 0 0 0 0 0
0 0 0 0 0 0 0 0
0 0 0 0 0 0 0 0
0 0 0 0 0 0 0 0
0 0 0 0 0 0 0 0
0 0 0 0 0 0 0 0
0 0 0 0 0 0 0 0
0 14 21 7 3 73 49 10
46 124 111 38 69 194 120 29
71 157 125 44 87 215 126 31
87 175 133 48 97 226 130 32
93 184 141 53 100 230 135 35
96 191 151 58 99 232 141 37
108 200 151 58 105 236 140 36
115 206 156 61 108 239 141 37
117 210 161 64 108 240 145 37
120 212 159 62 111 241 143 37
121 214 163 65 110 243 145 38
128 219 164 65 113 245 144 37
134 220 157 61 119 246 139 36
136 218 143 53 125 248 132 33
151 217 114 37 141 251 113 26
125 188 85 26 119 233 93 21
0 0 0 0 0 0 0 0
0 0 0 0 0 0 0 0
0 0 0 0 0 0 0 0
0 0 0 0 0 0 0 0
0 0 0 0 0 0 0 0
0 0 0 0 0 0 0 0
0 0 0 0 0 0 0 0
