0 0 0 0 0 0 0 0
0 0 0 0 0 0 0 0
0 0 0 0 0 0 0 0
0 0 0 0 0 0 0 0
0 0 0 0 0 0 0 0
0 0 0 0 0 0 0 0
0 0 0 0 0 0 0 0
20 11 0 2 11 2 0 2
73 47 3 4 56 35 0 3
80 59 22 24 64 47 16 19
53 50 38 50 31 26 20 33
92 76 33 36 57 39 11 18
126 82 7 4 94 55 0 2
139 91 9 6 121 75 5 5
121 86 25 23 114 82 25 22
94 77 47 55 82 67 41 45
109 92 53 61 86 67 38 40
133 103 38 39 100 67 20 21
153 109 28 21 125 82 15 16
156 109 22 14 138 92 17 14
152 111 35 28 142 102 34 29
139 108 45 45 125 93 39 37
140 109 44 45 117 84 32 32
149 114 42 39 115 78 23 26
155 112 29 22 122 79 13 18
156 102 14 6 132 80 6 10
146 97 14 9 135 86 14 12
133 89 15 12 126 83 16 16
135 96 24 21 121 81 20 24
131 86 14 7 104 60 5 10
131 76 6 3 102 53 0 7
139 82 8 5 117 67 7 9
132 80 9 8 121 73 13 8
129 80 11 10 129 82 20 11
125 82 18 15 112 71 18 13
127 83 16 12 99 59 9 9
136 82 8 4 106 59 2 6
140 84 7 4 121 70 5 5
138 91 22 18 130 87 27 17
117 87 43 41 110 82 47 39
107 87 57 61 85 67 49 46
109 90 61 66 74 57 42 41
134 93 32 23 121 83 27 25
108 73 26 24 124 90 43 31
77 64 55 63 93 83 82 76
25 18 9 17 15 11 10 17
0 0 0 1 0 0 0 0
0 0 0 0 0 0 0 0
0 0 0 0 0 0 0 0
0 0 0 0 0 0 0 0
0 0 0 0 0 0 0 0
0 0 0 0 0 0 0 0
0 0 0 0 0 0 0 0
0 0 0 0 0 0 0 0
0 0 0 0 0 0 0 0
