0 0 0 0 0 0 0 0
0 0 0 0 0 0 0 0
0 0 0 0 0 0 0 0
0 0 0 0 0 0 0 0
0 0 0 0 0 0 0 0
0 0 0 0 0 0 0 0
0 0 0 0 0 0 0 0
0 0 0 0 0 0 0 0
15 12 6 17 11 9 9 22
18 20 27 44 16 17 34 49
20 24 34 56 17 19 44 62
24 29 42 66 22 25 53 73
43 45 47 64 41 41 59 74
64 62 55 69 62 57 68 81
82 75 59 70 81 70 74 83
92 84 67 77 90 79 82 91
95 87 71 83 94 82 87 97
99 90 75 86 97 86 91 102
100 93 81 94 99 88 98 110
103 96 85 100 101 91 103 116
109 101 89 103 108 96 107 120
112 106 99 115 110 100 117 132
107 102 98 116 105 96 117 134
97 91 84 102 92 84 101 116
0 0 0 2 0 0 0 3
0 0 0 0 0 0 0 1
0 0 0 0 0 0 0 1
0 0 0 0 0 0 0 0
0 0 0 0 0 0 0 0
0 0 0 0 0 0 0 0
