0 0 0 0 0 0 0 0
0 0 0 0 0 0 0 0
0 0 0 0 0 0 0 0
0 0 0 0 0 0 0 0
0 0 0 0 0 0 0 0
0 0 0 0 0 0 0 0
0 0 0 0 0 0 0 0
0 0 6 19 0 0 1 14
18 14 3 10 15 12 3 10
31 19 0 4 20 14 0 6
52 42 24 25 35 31 15 22
41 42 50 63 28 31 42 50
70 67 67 79 71 72 78 76
85 71 49 50 90 81 62 52
85 72 54 53 73 68 50 46
96 89 81 87 87 87 80 77
99 92 82 91 98 95 92 87
91 80 68 77 105 99 94 88
85 76 63 71 98 91 84 78
73 71 72 82 64 65 71 72
78 81 91 108 64 68 85 90
73 82 106 134 63 72 107 118
98 93 93 107 97 94 100 99
105 94 81 87 102 93 84 77
99 94 94 105 86 83 87 86
82 88 107 131 66 74 101 109
87 88 102 122 86 90 110 115
91 81 72 81 102 95 92 86
98 79 52 49 104 88 60 49
98 87 74 76 84 76 64 60
96 94 98 112 78 79 88 91
107 102 100 113 100 97 102 100
117 98 70 69 119 103 80 67
109 88 52 48 105 86 55 44
98 91 80 86 74 70 64 64
94 95 103 122 78 81 97 101
86 84 92 109 88 90 104 106
88 80 77 87 97 93 93 89
106 92 80 80 95 87 73 67
96 97 111 129 74 78 97 103
111 110 122 143 98 100 118 123
151 132 116 124 160 145 135 126
148 121 86 86 163 140 112 97
110 96 79 82 105 95 82 76
59 64 86 109 29 34 55 68
65 72 100 128 41 48 79 93
91 76 53 54 91 79 60 52
0 1 0 4 0 0 0 4
0 0 0 2 0 0 0 2
0 0 0 1 0 0 0 1
0 0 0 1 0 0 0 1
0 0 0 1 0 0 0 0
0 0 0 0 0 0 0 0
0 0 0 0 0 0 0 0
0 0 0 0 0 0 0 0
