0 0 0 0 0 0 0 0
0 0 0 0 0 0 0 0
0 0 0 0 0 0 0 0
0 0 0 0 0 0 0 0
0 0 0 0 0 0 0 0
0 0 17 16 0 0 12 12
0 0 70 49 0 0 60 41
0 0 138 84 0 0 127 74
0 8 191 116 0 4 184 104
0 16 211 128 0 13 209 117
0 32 227 136 0 27 231 128
0 49 233 136 0 45 241 132
0 54 239 143 0 53 251 143
0 58 244 154 0 60 255 154
0 67 246 152 0 68 255 153
0 73 246 152 0 73 255 150
0 82 246 149 0 80 255 144
0 79 247 151 0 78 255 149
0 75 248 155 0 75 255 154
0 76 247 152 0 77 255 153
0 74 248 155 0 75 255 156
0 73 249 158 0 72 255 157
0 77 249 156 0 74 255 153
0 78 249 156 0 75 255 153
0 79 249 156 0 76 255 152
0 81 249 154 0 77 255 150
0 82 249 154 0 79 255 150
0 83 248 153 0 80 255 149
0 84 248 152 0 81 255 148
1 88 248 150 0 84 255 145
1 87 248 150 0 85 255 145
0 86 248 150 0 84 255 147
0 85 248 151 0 84 255 147
1 91 248 149 0 87 255 143
2 94 247 147 1 90 255 140
2 93 248 148 0 88 255 142
1 92 248 150 0 87 255 143
1 92 248 150 0 87 255 143
1 91 248 152 0 86 255 145
0 90 250 154 0 86 255 146
2 93 249 152 0 88 255 145
2 93 248 150 0 87 255 143
2 93 246 144 1 88 253 138
0 84 236 130 0 77 243 124
0 54 213 110 0 46 214 102
0 16 149 70 0 11 143 61
0 0 66 31 0 0 62 26
0 0 0 3 0 0 0 1
0 0 0 0 0 0 0 0
0 0 0 0 0 0 0 0
0 0 0 0 0 0 0 0
0 0 0 0 0 0 0 0
0 0 0 0 0 0 0 0
0 0 0 0 0 0 0 0
0 0 0 0 0 0 0 0
