0 0 0 0 0 0 0 0
0 0 0 0 0 0 0 0
0 0 0 0 0 0 0 0
0 0 0 0 0 0 0 0
0 0 0 0 0 0 0 0
0 0 0 0 0 0 0 0
0 0 0 0 0 0 0 0
33 52 11 2 90 129 13 1
94 129 55 9 167 212 47 8
135 186 98 17 202 245 78 14
143 203 116 22 205 252 91 17
139 208 128 25 202 254 101 19
138 211 132 26 204 255 104 21
94 129 55 9 167 212 47 8
135 186 98 17 202 245 78 14
143 203 116 22 205 252 91 17
139 208 128 25 202 254 101 19
138 211 132 26 204 255 104 21
138 212 132 27 206 255 106 21
142 216 136 28 208 255 109 22
149 224 148 31 211 255 117 23
158 230 149 31 211 255 117 23
155 222 121 24 195 249 94 18
0 0 0 1 0 0 0 3
0 0 0 0 0 0 0 0
0 0 0 0 0 0 0 0
0 0 0 0 0 0 0 0
0 0 0 0 0 0 0 0
0 0 0 0 0 0 0 0
0 0 0 0 0 0 0 0