0 0 0 0 0 0 0 0
0 0 0 0 0 0 0 0
0 0 0 0 0 0 0 0
0 0 0 0 0 0 0 0
0 0 0 0 0 0 0 0
0 13 4 0 0 5 4 1
5 42 24 5 0 22 20 4
3 42 51 8 0 26 53 11
11 72 141 31 6 55 159 43
18 98 186 46 11 76 205 63
30 133 204 49 20 104 219 64
34 148 221 57 25 114 233 71
37 157 230 63 28 120 242 77
41 169 236 64 33 132 247 78
47 182 237 64 38 141 247 75
50 188 240 65 41 147 250 76
54 194 239 63 43 153 248 73
53 194 241 66 43 153 252 79
57 201 240 64 48 161 251 75
58 202 241 64 50 164 252 76
59 204 241 63 51 167 253 76
59 205 241 64 51 167 254 77
60 206 243 65 51 166 253 77
62 209 242 65 53 168 253 75
64 211 241 64 55 170 252 74
64 211 242 64 55 170 253 74
65 213 242 64 55 171 253 73
66 214 241 64 56 172 251 72
68 215 241 63 57 172 250 70
70 218 240 61 58 172 248 67
67 215 241 62 57 171 250 69
65 213 241 63 55 170 251 72
65 213 241 62 57 172 251 73
64 211 241 62 57 172 253 75
63 210 241 63 55 172 254 76
62 208 242 64 55 170 255 77
61 207 242 64 54 169 255 78
62 208 242 64 54 170 254 77
59 206 243 66 52 167 255 79
57 202 244 68 49 163 255 81
59 205 244 68 50 163 255 80
58 204 244 68 50 164 255 82
61 208 244 66 53 169 255 80
62 208 244 65 54 170 255 80
63 208 234 58 56 170 247 69
63 202 214 47 54 163 223 53
47 162 155 28 33 115 147 28
12 56 32 4 5 31 23 5
0 1 0 0 0 0 0 0
0 0 0 0 0 0 0 0
0 0 0 0 0 0 0 0
0 0 0 0 0 0 0 0
0 0 0 0 0 0 0 0
0 0 0 0 0 0 0 0
0 0 0 0 0 0 0 0
