0 0 0 0 0 0 0 0
0 0 0 0 0 0 0 0
0 0 0 0 0 0 0 0
0 0 0 0 0 0 0 0
0 10 111 45 0 0 21 13
0 36 162 67 0 4 54 24
4 97 223 109 0 43 123 51
14 130 241 133 6 84 172 74
26 159 241 124 14 113 180 70
30 168 245 130 17 126 191 75
32 173 247 134 17 129 193 77
34 179 248 138 18 134 197 78
37 185 250 136 20 139 198 78
37 186 251 138 20 141 201 80
38 188 251 139 21 143 203 81
39 190 252 142 21 146 205 82
38 190 252 144 20 143 204 82
36 189 253 148 19 141 205 84
37 188 253 148 17 136 200 81
35 186 253 150 16 134 200 82
31 181 255 155 15 133 205 86
29 177 253 152 14 130 203 85
20 153 237 126 9 106 168 65
0 75 172 75 0 37 85 32
0 0 10 3 0 0 0 0
0 0 0 0 0 0 0 0
0 0 0 0 0 0 0 0
0 0 0 0 0 0 0 0
0 0 0 0 0 0 0 0
0 0 0 0 0 0 0 0
