0 0 0 0 0 0 0 0
0 0 0 0 0 0 0 0
0 0 0 0 0 0 0 0
0 0 0 0 0 0 0 0
0 0 0 0 0 0 0 0
0 12 0 0 0 0 0 0
0 4 0 0 0 0 0 0
0 12 0 0 0 1 0 0
6 38 13 0 0 19 8 0
18 87 73 9 8 56 64 10
21 103 133 24 8 66 118 21
15 89 172 45 4 51 142 31
20 92 202 73 7 59 184 51
30 119 207 69 14 91 205 56
32 130 218 76 16 103 216 62
32 137 227 82 17 108 221 66
38 157 230 80 22 124 219 63
43 171 230 75 27 138 215 60
54 185 223 65 36 153 208 53
60 190 220 60 42 163 207 51
62 190 216 58 46 170 207 53
61 188 215 59 47 172 206 55
66 192 213 58 51 177 203 53
75 201 208 54 59 185 195 48
76 203 213 57 59 185 196 51
75 203 217 60 58 186 199 53
82 208 211 57 65 191 194 51
86 210 209 55 66 191 189 47
87 212 211 56 65 189 185 45
83 210 215 60 59 185 187 48
93 217 211 57 66 190 179 43
93 218 213 57 66 190 180 45
95 219 209 55 69 192 176 43
99 222 208 54 74 196 177 43
93 219 214 59 68 193 183 48
84 214 220 65 59 187 187 52
90 218 216 62 61 187 180 47
107 226 202 51 76 195 163 37
115 229 193 45 85 201 156 33
112 226 192 44 87 203 161 35
99 220 201 50 78 199 175 43
81 210 215 61 62 189 188 55
77 208 220 66 58 186 191 60
80 210 218 65 61 189 191 59
84 213 215 62 65 192 188 56
91 218 212 58 70 196 184 51
95 218 203 53 74 196 174 45
98 213 170 35 72 183 135 26
45 131 62 9 25 83 33 3
0 3 0 0 0 1 0 0
0 0 0 0 0 0 0 0
0 0 0 0 0 0 0 0
0 0 0 0 0 0 0 0
0 0 0 0 0 0 0 0
0 0 0 0 0 0 0 0
