0 0 0 0 0 0 0 0
0 0 0 0 0 0 0 0
0 0 0 0 0 0 0 0
0 0 0 0 0 0 0 0
0 0 0 0 0 0 0 0
0 0 0 0 0 0 0 0
0 0 0 0 0 0 0 0
9 15 18 30 15 18 29 31
23 30 29 45 37 38 48 49
46 48 44 65 69 59 68 70
51 52 46 68 75 62 71 74
53 52 45 67 74 61 69 72
58 56 48 70 76 63 69 74
59 57 49 71 78 63 70 74
60 58 49 72 78 62 70 75
62 60 51 75 79 63 71 76
62 60 51 76 79 63 72 78
62 60 53 77 78 63 72 78
67 64 55 81 84 67 76 82
67 64 56 82 84 67 77 83
67 63 56 82 84 67 77 83
66 63 55 81 83 67 76 83
70 66 59 87 88 71 81 90
77 72 61 88 95 76 84 90
62 53 34 53 82 61 60 57
0 0 0 1 0 0 0 1
0 0 0 0 0 0 0 0
0 0 0 0 0 0 0 0
0 0 0 0 0 0 0 0
0 0 0 0 0 0 0 0
