0 0 0 0 0 0 0 0
0 0 0 0 0 0 0 0
0 0 0 0 0 0 0 0
0 0 0 0 0 0 0 0
0 0 0 0 0 0 0 0
0 0 0 0 0 0 0 0
0 0 0 0 0 0 0 0
0 0 0 0 0 0 0 0
90 130 7 2 143 131 14 5
157 205 72 24 233 211 93 39
187 230 129 42 248 238 154 71
205 243 143 45 252 246 163 73
204 248 172 55 246 248 190 93
213 250 160 49 252 251 178 80
213 252 164 51 251 252 182 82
210 252 172 55 248 251 191 90
210 252 173 55 248 252 193 92
213 253 167 52 251 254 188 88
219 254 156 47 254 254 175 75
219 246 112 31 255 245 117 41
0 1 0 1 0 0 0 2
0 0 0 0 0 0 0 0
0 0 0 0 0 0 0 0
0 0 0 0 0 0 0 0
0 0 0 0 0 0 0 0
0 0 0 0 0 0 0 0
0 0 0 0 0 0 0 0
0 0 0 0 0 0 0 0
0 0 0 0 0 0 0 0
0 0 0 0 0 0 0 0
