0 0 0 0 0 0 0 0
0 0 0 0 0 0 0 0
0 0 0 0 0 0 0 0
0 0 0 0 0 0 0 0
0 0 0 0 0 0 0 0
0 0 0 0 0 0 0 0
151 248 95 11 188 253 91 8
161 250 89 10 199 255 86 7
167 252 87 9 206 255 83 7
173 253 82 9 214 255 80 6
173 253 82 9 214 255 80 6
181 255 79 8 223 255 78 6
188 255 75 7 230 255 75 5
194 255 69 6 238 255 70 4
197 255 67 6 241 255 69 4
202 255 65 6 244 255 66 4
211 255 63 6 248 255 64 4
220 255 72 7 251 255 69 5
229 255 62 5 255 255 59 3
226 245 12 0 255 254 13 0
31 23 0 0 57 31 0 0
0 0 0 0 0 0 0 0
0 0 0 0 0 0 0 0
0 0 0 0 0 0 0 0
0 0 0 0 0 0 0 0
0 0 0 0 0 0 0 0
0 0 0 0 0 0 0 0
0 0 0 0 0 0 0 0
0 0 0 0 0 0 0 0
0 0 0 0 0 0 0 0