0 0 0 0 0 0 0 0
0 0 0 0 0 0 0 0
0 0 0 0 0 0 0 0
0 0 0 0 0 0 0 0
0 0 0 0 0 0 0 0
0 0 0 0 0 0 0 0
0 0 0 0 0 0 0 0
0 0 0 0 0 1 7 2
0 9 20 8 1 39 69 22
7 44 69 26 30 107 141 53
25 83 109 40 67 162 177 70
52 126 139 50 109 200 191 75
94 173 159 56 160 230 200 77
114 190 165 58 177 238 204 78
131 203 170 60 192 245 209 80
141 210 172 61 198 248 211 81
146 214 174 62 203 250 213 82
163 220 163 55 219 253 204 74
170 222 156 51 225 254 200 71
173 224 155 50 229 255 200 70
178 225 153 49 234 255 197 68
179 226 154 50 233 255 198 69
176 226 161 54 229 255 204 73
175 226 162 54 228 255 204 73
172 226 167 57 225 255 209 77
168 224 169 58 221 254 210 78
170 224 167 57 224 255 209 77
177 226 160 53 230 255 204 73
182 226 151 48 236 255 198 68
178 225 153 50 234 255 201 71
178 224 151 49 235 255 200 70
176 224 152 49 234 255 201 71
178 225 153 50 235 255 203 72
181 226 152 49 237 255 202 71
181 226 151 48 237 255 202 71
179 226 154 50 235 255 204 73
182 228 158 52 235 255 206 74
183 230 159 52 236 255 207 75
189 230 154 50 240 255 203 71
193 232 153 49 243 255 201 70
194 233 153 49 242 255 201 70
194 232 152 49 242 255 201 70
192 232 154 49 241 255 203 71
183 230 160 53 235 255 209 76
168 224 165 57 226 255 218 84
151 214 167 59 212 254 224 89
107 184 167 63 163 238 224 94
38 105 150 66 52 160 216 99
2 8 24 11 0 19 67 26
0 0 0 0 0 0 0 0
0 0 0 0 0 0 0 0
0 0 0 0 0 0 0 0
0 0 0 0 0 0 0 0
0 0 0 0 0 0 0 0
0 0 0 0 0 0 0 0
