0 0 0 0 0 0 0 0
0 0 0 0 0 0 0 0
0 0 0 0 0 0 0 0
0 0 0 0 0 0 0 0
0 0 0 0 0 0 0 0
0 0 0 0 0 0 0 0
0 0 0 0 0 0 0 0
0 0 0 0 0 0 0 0
11 8 0 10 11 9 1 13
32 31 29 40 30 33 28 41
49 48 47 60 48 52 46 58
61 58 54 67 62 63 52 64
63 61 58 74 65 67 58 70
71 66 60 74 73 73 60 70
71 67 59 73 76 76 61 70
70 67 62 78 76 76 65 76
79 75 68 84 85 84 71 82
81 76 71 86 88 87 74 84
83 77 70 86 92 90 75 84
84 78 72 87 93 91 77 86
85 79 70 85 96 92 75 83
82 76 68 84 93 89 74 82
107 96 74 83 118 106 76 79
58 33 1 5 58 34 2 10
0 0 0 0 0 0 0 1
0 0 0 0 0 0 0 0
0 0 0 0 0 0 0 0
0 0 0 0 0 0 0 0
0 0 0 0 0 0 0 0
0 0 0 0 0 0 0 0
