0 0 0 0 0 0 0 0
0 0 0 0 0 0 0 0
0 0 0 0 0 0 0 0
0 0 0 0 0 0 0 0
0 0 0 0 0 0 0 0
0 14 53 14 3 36 39 9
13 76 130 33 37 127 90 20
35 120 146 38 67 176 99 22
57 160 176 51 90 212 122 29
63 166 171 48 98 218 118 28
72 175 165 45 110 225 114 26
74 179 167 47 113 228 117 27
72 177 171 48 112 229 120 29
78 183 169 48 119 232 118 28
82 188 171 49 122 234 118 28
88 193 171 48 128 238 117 27
89 194 170 48 130 238 116 27
91 196 171 49 130 239 117 27
92 198 173 50 132 239 118 28
98 201 169 49 137 242 116 27
99 202 171 48 138 242 116 27
104 206 168 48 145 245 114 26
107 207 169 48 147 245 114 26
107 209 171 49 147 246 116 26
108 210 173 51 148 246 117 27
111 212 173 51 151 247 117 27
101 198 150 41 140 238 101 22
0 0 0 2 0 0 0 0
0 0 0 0 0 0 0 0
0 0 0 0 0 0 0 0
