0 0 0 0 0 0 0 0
0 0 0 0 0 0 0 0
16 19 10 9 17 24 12 13
5 13 23 26 4 14 21 26
12 19 20 20 11 20 19 22
25 32 34 31 24 34 33 32
41 50 61 56 40 55 61 58
50 62 87 85 47 66 86 83
59 73 108 109 57 78 107 105
75 87 113 110 74 91 112 106
76 89 120 118 75 93 118 113
79 91 120 118 78 94 119 113
80 93 121 119 79 95 119 113
83 94 122 119 82 97 120 113
78 91 121 120 77 94 119 113
80 92 120 119 78 94 118 112
82 94 122 121 80 95 120 113
83 96 122 121 82 97 120 113
83 97 127 127 82 97 124 118
85 98 130 131 82 99 127 121
86 99 130 132 83 99 127 120
98 108 133 131 95 109 130 122
105 113 134 130 104 114 132 122
93 105 132 131 89 104 128 120
95 104 123 118 93 104 119 109
78 86 96 87 80 90 97 86
0 0 0 1 0 0 0 1
0 0 0 0 0 0 0 0
0 0 0 0 0 0 0 0
0 0 0 0 0 0 0 0
