0 0 0 0 0 0 0 0
0 0 0 0 0 0 0 0
0 0 0 0 0 0 0 0
0 0 0 0 0 0 0 0
0 0 0 0 0 0 0 0
0 0 0 0 0 0 0 0
0 0 0 0 0 0 0 0
0 0 0 0 0 0 0 0
0 5 12 21 0 3 11 20
13 18 20 28 15 20 22 28
32 35 48 66 33 38 52 65
45 44 54 76 48 47 57 73
49 45 52 72 55 51 57 71
55 50 57 80 62 56 63 79
50 47 60 85 57 55 65 83
50 47 60 85 57 55 65 83
50 47 60 85 57 54 66 84
53 48 60 86 62 57 68 86
54 49 61 87 63 59 70 89
54 50 63 89 63 60 71 90
54 49 62 89 63 60 71 90
58 52 64 91 68 63 72 92
61 54 66 93 71 66 75 95
60 55 69 96 71 67 77 98
59 53 68 96 70 66 77 97
0 0 0 5 0 0 0 5
0 0 0 0 0 0 0 0
0 0 0 0 0 0 0 0
0 0 0 0 0 0 0 0
0 0 0 0 0 0 0 0