0 0 0 0 0 0 0 0
0 0 0 0 0 0 0 0
0 0 0 0 0 0 0 0
0 0 0 0 0 0 0 0
0 0 0 0 0 0 0 0
0 0 0 0 0 0 0 0
1 2 9 18 0 0 9 14
34 33 33 38 33 35 37 36
48 49 96 122 34 53 93 117
47 48 109 144 26 46 97 129
86 82 91 104 65 67 76 84
128 105 66 61 112 91 61 54
125 102 72 68 120 102 78 73
102 89 96 104 98 99 102 113
69 68 111 137 52 68 104 129
90 91 115 137 70 74 101 116
109 100 93 101 90 80 83 83
118 99 71 68 108 89 74 67
115 90 58 51 117 95 71 64
95 81 80 85 98 93 95 100
51 54 97 124 45 58 101 126
64 70 103 127 55 59 97 113
109 96 71 72 98 79 62 56
138 108 46 34 133 97 46 30
130 98 39 29 133 99 49 35
102 86 67 66 112 98 83 82
95 91 93 103 95 88 98 103
90 89 93 107 71 64 78 84
144 113 51 40 134 95 43 28
149 115 45 31 143 103 44 26
137 108 56 47 142 111 67 55
111 99 85 89 124 110 104 102
78 80 98 117 73 74 99 111
106 99 91 100 94 81 84 84
136 108 52 43 130 97 51 38
113 89 53 48 126 103 71 62
79 73 84 95 94 95 106 116
43 50 100 131 40 59 105 134
83 79 82 94 79 74 81 87
128 97 37 29 135 100 47 32
97 72 37 34 119 98 60 53
59 52 75 92 77 86 109 128
45 45 81 107 53 66 105 129
66 64 81 100 64 66 84 97
119 92 43 36 131 98 56 40
2 2 0 3 4 3 0 2
0 0 0 1 0 0 0 1
0 0 0 1 0 0 0 0
0 0 0 0 0 0 0 0
0 0 0 0 0 0 0 0
0 0 0 0 0 0 0 0
0 0 0 0 0 0 0 0
0 0 0 0 0 0 0 0
0 0 0 0 0 0 0 0
0 0 0 0 0 0 0 0
