0 0 0 0 0 0 0 0
0 0 0 0 0 0 0 0
0 0 0 0 0 0 0 0
0 0 0 0 0 0 0 0
0 0 0 0 0 0 0 0
19 20 0 0 6 5 0 0
120 119 0 0 83 75 0 0
210 226 22 2 181 204 13 1
236 251 45 6 213 241 35 6
240 255 62 9 221 251 52 8
240 255 75 12 223 254 64 11
241 255 81 14 225 255 71 13
245 255 79 14 229 255 70 12
248 255 82 14 232 255 72 13
250 255 83 14 234 255 73 12
251 255 85 15 234 255 75 13
252 255 88 16 234 255 78 13
252 255 88 16 234 255 78 13
250 255 90 16 233 255 78 14
252 255 88 16 234 255 77 13
252 255 86 16 235 255 76 13
253 255 85 15 237 255 75 12
255 255 72 12 238 255 62 10
242 248 32 4 221 236 23 2
92 93 0 0 56 48 0 0
0 0 0 0 0 0 0 0
0 0 0 0 0 0 0 0
0 0 0 0 0 0 0 0
0 0 0 0 0 0 0 0
0 0 0 0 0 0 0 0
