0 0 0 0 0 0 0 0
0 0 0 0 0 0 0 0
0 0 0 0 0 0 0 0
0 8 13 3 0 7 4 1
0 25 33 7 0 28 19 4
5 71 125 30 13 90 97 21
10 89 180 53 18 113 153 39
13 97 211 71 21 124 185 53
18 123 232 85 31 152 208 64
25 153 237 86 50 185 213 62
27 161 241 90 57 196 222 69
27 160 243 94 57 198 228 76
28 166 244 93 58 200 225 73
34 179 240 86 70 210 215 60
35 182 241 87 71 212 216 60
39 188 239 84 79 217 214 57
33 179 241 89 71 212 222 66
27 167 246 100 57 201 232 79
28 173 246 99 57 199 227 73
44 196 233 75 82 218 197 46
42 194 235 78 85 220 206 52
33 181 242 90 72 213 222 66
31 179 244 93 65 208 224 68
36 188 238 84 71 212 211 56
47 202 229 71 87 220 190 43
46 201 230 72 90 223 196 46
40 194 235 77 83 220 207 52
35 188 238 83 73 214 213 57
34 187 237 82 69 210 210 56
34 186 237 83 66 207 209 56
34 185 236 80 64 205 204 53
38 192 232 74 73 212 196 47
37 190 232 75 73 213 201 49
34 188 234 77 71 212 206 53
34 186 234 78 68 209 206 53
33 186 235 78 66 207 206 53
34 187 236 78 66 208 206 53
34 189 236 78 66 208 207 53
36 194 235 76 71 213 206 52
36 195 235 76 73 215 208 53
36 196 236 78 72 215 210 55
35 192 234 77 67 210 206 52
34 179 208 57 63 194 161 34
0 4 3 2 0 5 2 1
0 0 0 0 0 0 0 0
0 0 0 0 0 0 0 0
0 0 0 0 0 0 0 0
0 0 0 0 0 0 0 0
0 0 0 0 0 0 0 0
0 0 0 0 0 0 0 0
0 0 0 0 0 0 0 0
0 0 0 0 0 0 0 0
0 0 0 0 0 0 0 0
0 0 0 0 0 0 0 0
0 0 0 0 0 0 0 0
