0 0 0 0 0 0 0 0
0 0 0 0 0 0 0 0
0 0 0 0 0 0 0 0
0 0 0 0 0 0 0 0
0 0 0 0 0 0 0 0
0 0 0 0 0 0 0 0
9 81 234 112 11 86 185 71
34 153 250 129 32 153 199 79
53 199 255 143 54 196 217 88
58 208 253 138 64 207 216 85
45 192 255 169 42 186 230 107
43 193 255 187 35 178 235 118
53 199 255 143 54 196 217 88
58 208 253 138 64 207 216 85
45 192 255 169 42 186 230 107
43 193 255 187 35 178 235 118
42 191 255 198 31 171 237 124
40 187 255 202 30 169 240 132
52 206 255 171 47 195 230 108
51 194 239 121 51 186 191 72
0 0 0 0 0 0 0 0
0 0 0 0 0 0 0 0
0 0 0 0 0 0 0 0
0 0 0 0 0 0 0 0
0 0 0 0 0 0 0 0
0 0 0 0 0 0 0 0
0 0 0 0 0 0 0 0
0 0 0 0 0 0 0 0
0 0 0 0 0 0 0 0
0 0 0 0 0 0 0 0