0 0 0 0 0 0 0 0
0 0 0 0 0 0 0 0
0 0 0 0 0 0 0 0
0 0 0 0 0 0 0 0
0 0 0 0 0 0 0 0
0 0 0 0 0 0 0 0
0 7 97 37 0 0 20 14
0 33 211 122 0 15 109 63
0 58 249 187 1 42 176 100
3 71 255 195 4 59 192 105
4 80 255 191 7 73 200 105
4 80 255 198 7 77 210 113
4 80 255 203 8 80 215 117
4 81 255 203 8 81 216 117
3 80 255 207 7 80 218 120
4 83 255 205 8 86 222 120
5 84 255 205 9 88 224 120
4 83 255 206 8 86 223 120
4 81 255 210 8 82 223 121
3 78 255 217 6 78 226 126
4 83 255 212 8 87 227 123
6 91 255 195 12 100 223 113
0 2 23 9 0 0 14 7
0 0 0 0 0 0 0 0
0 0 0 0 0 0 0 0
0 0 0 0 0 0 0 0
0 0 0 0 0 0 0 0
0 0 0 0 0 0 0 0
0 0 0 0 0 0 0 0
0 0 0 0 0 0 0 0
