0 0 0 0 0 0 0 0
0 0 0 0 0 0 0 0
0 0 0 0 0 0 0 0
0 0 0 0 0 0 0 0
0 0 0 0 0 0 0 0
0 0 0 0 0 0 0 0
29 19 0 1 28 17 0 1
77 69 33 25 71 58 24 21
106 99 60 49 101 89 51 43
111 106 71 60 122 112 74 60
97 104 103 103 120 124 120 112
78 95 123 137 92 108 132 137
109 116 115 116 104 107 101 93
145 129 68 51 141 120 55 39
136 119 58 41 148 127 58 40
118 113 80 71 143 134 96 77
104 111 111 113 127 131 127 120
92 108 130 143 104 117 136 138
107 118 123 128 113 120 121 116
117 121 105 99 128 126 104 91
120 118 89 78 144 137 101 83
105 109 99 96 140 141 127 116
102 115 128 138 128 138 148 150
104 119 139 152 117 130 146 149
127 132 121 120 128 129 115 103
142 134 89 72 157 142 89 67
132 127 89 76 160 149 106 84
117 121 109 106 150 150 133 122
99 115 137 151 125 139 157 161
107 123 142 157 119 132 149 151
130 136 130 132 138 139 131 120
149 144 107 93 162 152 109 86
149 140 94 76 173 159 107 81
137 135 110 100 168 162 131 114
130 137 138 142 155 159 156 152
125 140 158 174 137 148 164 168
140 149 151 161 140 145 146 141
157 154 126 116 163 156 123 104
157 152 116 100 174 163 120 97
139 142 130 125 170 167 151 141
112 129 152 168 143 155 175 184
118 135 156 174 135 148 167 174
135 146 151 162 139 144 148 145
162 160 132 122 165 157 123 105
163 154 111 93 175 161 110 86
139 138 114 104 169 162 133 117
103 117 139 151 140 151 166 173
107 117 121 127 128 134 135 132
19 15 3 7 29 21 5 7
0 1 0 3 0 0 0 3
0 0 0 1 0 0 0 2
0 0 0 1 0 0 0 2
0 0 0 1 0 0 0 1
0 0 0 0 0 0 0 1
0 0 0 0 0 0 0 1
