0 0 0 0 0 0 0 0
0 0 0 0 0 0 0 0
0 0 0 0 0 0 0 0
0 0 0 0 0 0 0 0
0 0 0 0 0 0 0 0
0 0 0 0 0 0 0 0
0 0 0 0 0 0 0 0
0 0 0 0 0 0 0 0
0 0 0 0 0 0 0 0
0 0 18 13 0 7 67 37
0 27 60 36 4 47 140 80
32 106 141 91 38 129 224 150
58 150 163 105 61 163 237 158
79 179 182 120 78 186 248 170
102 202 194 124 95 203 255 176
114 211 197 123 105 210 255 175
118 214 200 127 107 213 255 177
111 211 205 135 101 210 255 186
114 213 207 137 103 212 255 187
110 211 208 141 98 209 255 191
109 211 211 144 98 209 255 195
118 217 209 139 106 214 255 188
137 226 205 125 124 223 255 176
139 228 206 125 125 224 255 176
138 226 206 127 125 224 255 178
140 227 204 121 132 226 255 174
136 225 204 122 131 226 255 177
132 223 205 124 128 225 255 181
127 220 205 126 125 223 255 183
114 212 207 134 114 217 255 192
104 205 209 139 105 213 255 199
107 207 206 133 112 216 255 195
103 203 204 130 112 216 255 197
101 202 202 127 113 216 255 196
100 200 201 126 113 216 255 196
95 196 202 129 108 214 255 200
89 192 204 136 101 210 255 206
86 189 207 138 97 208 255 209
84 187 206 138 97 207 255 210
80 183 206 139 93 205 255 213
80 184 207 139 94 206 255 213
80 184 208 142 92 205 255 214
84 188 212 145 95 207 255 216
88 192 213 145 98 209 255 214
93 194 209 137 106 214 255 210
86 188 206 133 102 212 255 212
64 166 204 141 74 190 255 217
34 112 162 107 41 140 245 182
1 20 64 45 1 36 157 102
0 0 0 2 0 0 10 9
0 0 0 0 0 0 0 0
0 0 0 0 0 0 0 0
0 0 0 0 0 0 0 0
0 0 0 0 0 0 0 0
0 0 0 0 0 0 0 0
