0 0 0 0 0 0 0 0
0 0 0 0 0 0 0 0
0 0 0 0 0 0 0 0
0 0 0 0 0 0 0 0
0 0 0 0 0 0 0 0
18 13 6 13 10 4 0 7
16 12 5 14 11 7 3 10
9 12 30 50 8 9 22 40
14 26 60 98 17 17 50 78
34 38 51 76 25 22 33 49
59 47 31 35 53 38 22 26
65 51 22 27 79 53 31 25
49 40 28 40 72 55 47 45
19 21 41 67 33 38 62 78
18 25 60 96 27 38 78 102
18 29 65 104 17 20 57 85
38 43 68 98 27 29 54 74
61 55 61 76 51 46 48 59
75 61 45 49 80 60 42 42
62 52 38 45 70 53 42 41
43 43 61 87 49 47 69 82
14 24 67 109 13 24 71 102
22 31 70 109 17 24 65 93
54 59 86 119 42 47 77 100
89 79 77 94 82 71 69 78
95 79 67 78 97 78 66 68
80 71 72 91 89 76 80 86
56 56 77 109 74 72 100 116
44 50 83 122 51 57 100 124
36 44 84 125 26 32 77 109
59 59 79 107 38 39 56 78
87 71 62 72 66 56 42 52
90 71 58 66 79 66 50 55
80 64 55 69 82 69 62 65
39 44 78 117 35 43 87 113
23 36 91 144 19 28 95 136
52 55 83 117 33 38 69 96
85 68 59 70 62 54 41 51
78 59 45 54 78 66 52 54
35 36 61 96 39 46 85 105
13 24 76 129 14 27 100 140
59 60 87 119 47 56 88 115
99 83 86 100 99 96 99 112
61 53 66 90 64 67 86 102
0 0 0 2 0 0 0 4
0 0 0 1 0 0 0 2
0 0 0 1 0 0 0 1
0 0 0 0 0 0 0 1
0 0 0 0 0 0 0 0
0 0 0 0 0 0 0 0
0 0 0 0 0 0 0 0
0 0 0 0 0 0 0 0
0 0 0 0 0 0 0 0
0 0 0 0 0 0 0 0
0 0 0 0 0 0 0 0
