0 0 0 0 0 0 0 0
0 0 0 0 0 0 0 0
0 0 0 0 0 0 0 0
0 0 0 0 0 0 0 0
0 0 0 0 0 0 0 0
0 0 0 0 0 0 0 0
0 5 35 10 0 14 79 22
17 48 115 41 21 81 203 81
31 74 167 77 32 108 234 113
52 103 192 91 45 132 240 116
62 118 216 120 50 143 253 135
69 125 221 126 53 150 255 139
67 125 224 133 52 149 255 144
58 117 225 140 47 143 255 154
61 121 225 140 47 146 255 153
57 117 229 148 44 142 255 160
55 115 230 151 43 140 255 163
44 103 236 166 36 129 255 177
34 91 241 181 28 116 255 190
25 79 244 193 22 104 255 201
41 98 231 161 32 122 255 168
98 142 127 47 68 159 187 67
0 1 0 1 0 0 1 2
0 0 0 0 0 0 0 0
0 0 0 0 0 0 0 0
0 0 0 0 0 0 0 0
0 0 0 0 0 0 0 0
0 0 0 0 0 0 0 0
0 0 0 0 0 0 0 0
0 0 0 0 0 0 0 0
