0 0 0 0 0 0 0 0
0 0 0 0 0 0 0 0
0 0 0 0 0 0 0 0
0 0 0 0 0 0 0 0
0 0 0 0 0 0 0 0
9 4 0 0 8 5 0 0
31 20 0 1 32 20 0 0
41 35 20 20 49 44 20 18
35 40 64 77 36 49 62 71
33 48 78 98 30 40 63 72
59 63 56 61 47 45 34 33
73 67 41 38 70 60 28 25
66 61 44 43 74 68 43 39
62 63 64 68 71 74 65 64
55 63 74 86 58 65 69 72
69 70 55 61 68 63 43 39
66 60 37 36 77 69 34 28
68 60 33 31 90 82 43 33
58 56 49 52 83 84 67 62
58 63 67 77 73 78 75 76
72 73 61 69 77 74 55 51
90 79 43 40 93 78 33 27
92 75 29 22 107 88 29 20
83 70 33 28 105 91 42 32
62 62 53 57 82 82 66 64
67 72 69 78 78 80 73 72
74 77 59 68 80 76 57 52
84 76 47 47 96 86 46 37
75 67 39 39 100 91 51 42
65 64 51 56 93 93 73 68
66 72 72 84 86 92 89 90
71 80 74 88 82 85 81 78
89 89 66 71 97 92 65 56
97 87 53 51 116 106 59 47
83 75 48 48 115 107 69 58
66 72 74 86 96 104 104 103
72 84 91 109 91 100 109 110
93 93 74 80 105 100 76 68
104 93 57 52 126 114 63 49
102 89 49 43 132 117 64 47
85 84 71 74 117 116 97 89
72 84 102 118 95 108 123 129
107 115 125 139 115 122 131 133
131 114 65 57 128 110 55 44
0 1 0 3 0 1 0 2
0 0 0 1 0 0 0 1
0 0 0 0 0 0 0 0
0 0 0 0 0 0 0 0
0 0 0 0 0 0 0 0
0 0 0 0 0 0 0 0
0 0 0 0 0 0 0 0
0 0 0 0 0 0 0 0
0 0 0 0 0 0 0 0
0 0 0 0 0 0 0 0
0 0 0 0 0 0 0 0
