0 0 0 0 0 0 0 0
0 0 0 0 0 0 0 0
0 0 0 0 0 0 0 0
0 0 0 0 0 0 0 0
0 2 13 4 0 3 23 6
0 30 50 13 0 31 66 17
8 103 121 35 7 101 140 42
13 132 150 45 11 128 164 50
16 146 175 58 13 141 184 60
15 143 190 68 13 143 198 69
19 156 184 61 20 163 191 63
19 159 184 60 23 170 195 64
19 157 188 64 22 170 201 69
19 160 190 66 23 172 203 70
22 166 188 63 26 177 199 66
22 167 188 63 27 180 199 66
22 168 188 63 28 182 200 67
22 167 190 65 28 182 203 69
20 164 194 69 25 179 207 73
19 163 197 71 24 177 208 74
20 164 198 73 23 176 209 75
21 167 197 71 25 178 206 72
23 170 195 70 26 182 204 71
24 174 193 67 29 186 201 68
27 179 191 64 32 191 198 65
27 181 188 63 34 193 196 64
26 180 190 64 33 192 198 65
25 177 191 65 32 191 200 67
25 179 188 63 33 193 199 66
24 177 193 68 30 189 204 70
26 180 196 70 29 188 203 69
31 190 189 63 35 195 190 61
32 191 186 60 38 199 188 60
29 186 188 62 37 198 195 63
24 175 195 70 29 188 206 72
21 170 202 78 24 179 213 78
22 173 206 81 23 178 213 78
22 173 206 82 22 177 213 78
24 176 202 78 23 177 206 73
27 181 197 71 25 177 193 65
37 193 173 53 34 184 157 48
40 196 162 47 39 187 143 43
26 176 186 63 24 173 183 61
8 116 183 74 8 126 208 82
0 0 3 0 0 0 5 1
0 0 0 0 0 0 0 0
0 0 0 0 0 0 0 0
0 0 0 0 0 0 0 0
0 0 0 0 0 0 0 0
0 0 0 0 0 0 0 0
0 0 0 0 0 0 0 0
0 0 0 0 0 0 0 0
0 0 0 0 0 0 0 0
0 0 0 0 0 0 0 0
0 0 0 0 0 0 0 0
