0 0 0 0 0 0 0 0
0 0 0 0 0 0 0 0
0 0 0 0 0 0 0 0
0 0 0 0 0 0 0 0
0 0 0 0 0 0 0 0
0 0 0 0 0 0 0 0
0 0 0 0 0 0 0 0
16 9 0 2 21 12 0 0
63 43 7 12 67 47 9 6
106 81 63 63 99 91 61 60
108 93 98 112 98 98 93 96
97 86 72 79 92 86 67 62
107 86 43 38 106 86 36 27
106 80 35 30 117 96 42 31
112 92 71 73 124 115 88 83
114 100 88 96 121 115 101 99
112 97 66 71 112 97 66 56
129 104 51 47 123 101 44 33
125 94 34 25 128 103 35 22
114 89 44 39 131 112 61 47
107 90 68 72 128 119 96 90
106 96 82 92 123 117 107 103
130 112 79 81 136 121 89 78
133 108 57 54 139 117 62 46
135 100 36 25 149 121 46 28
128 95 33 26 149 123 52 34
122 96 55 52 146 129 84 72
128 106 71 71 144 130 95 84
136 112 66 65 143 124 78 63
145 113 48 39 146 118 46 31
149 110 37 24 152 120 37 22
139 103 37 27 154 124 49 31
134 103 48 41 153 129 68 51
133 113 85 86 145 133 104 95
136 118 88 90 138 124 96 87
149 119 60 52 143 118 54 39
150 113 40 26 152 120 36 25
143 106 37 25 158 127 47 29
128 104 63 58 153 133 89 75
131 113 85 85 147 134 106 97
144 121 80 76 145 128 85 72
152 117 48 36 149 119 42 28
155 114 34 20 158 121 33 20
159 121 47 35 164 130 53 35
162 132 80 70 164 140 87 71
154 135 109 110 145 134 107 100
8 6 1 5 7 5 0 5
0 0 0 1 0 0 0 1
0 0 0 0 0 0 0 0
0 0 0 0 0 0 0 0
0 0 0 0 0 0 0 0
0 0 0 0 0 0 0 0
0 0 0 0 0 0 0 0
0 0 0 0 0 0 0 0
0 0 0 0 0 0 0 0
