0 0 0 0 0 0 0 0
0 0 0 0 0 0 0 0
0 0 0 0 0 0 0 0
0 0 0 0 0 0 0 0
9 13 9 15 10 14 10 16
21 24 21 26 19 23 21 26
59 55 54 66 62 57 60 67
71 64 67 87 78 69 76 90
75 67 69 91 83 72 78 93
81 71 72 96 89 76 82 97
82 71 72 96 90 76 82 98
82 71 74 98 89 76 82 99
82 71 74 99 88 75 82 99
84 72 76 102 89 76 83 101
86 74 78 104 91 77 85 103
86 74 78 105 91 77 85 104
88 76 79 105 92 78 85 105
88 77 81 106 93 79 86 105
90 77 81 108 95 81 88 106
91 79 83 110 95 81 89 109
93 80 85 112 98 83 91 111
95 82 86 113 100 85 92 112
97 84 87 115 102 86 94 113
91 77 77 101 97 81 84 100
0 0 0 3 0 0 0 3
0 0 0 0 0 0 0 0
0 0 0 0 0 0 0 0
0 0 0 0 0 0 0 0
0 0 0 0 0 0 0 0
0 0 0 0 0 0 0 0
