0 0 0 0 0 0 0 0
0 0 0 0 0 0 0 0
0 0 0 0 0 0 0 0
0 0 0 0 0 0 0 0
0 0 0 0 0 0 0 0
0 0 0 0 0 0 0 0
9 6 0 7 1 0 0 4
39 28 7 11 27 19 3 14
54 39 16 18 36 26 9 22
51 45 41 54 39 35 41 52
33 37 55 78 30 36 70 90
38 40 62 87 36 43 87 104
59 47 45 52 46 43 51 56
67 58 59 68 45 43 52 64
79 76 91 110 58 59 87 105
97 90 98 117 87 84 112 126
108 93 89 101 115 106 118 126
107 87 78 82 103 93 93 98
103 90 95 106 77 76 89 103
92 91 116 139 68 75 115 139
76 78 111 138 63 73 127 151
75 72 96 122 73 80 126 146
98 82 86 96 97 95 109 118
101 90 101 115 80 81 102 118
90 87 111 134 63 70 109 132
97 93 114 136 82 86 126 146
107 92 86 98 113 106 120 126
107 80 54 50 112 96 78 72
99 77 60 60 86 76 66 68
91 80 82 96 76 73 90 102
82 76 88 108 72 74 107 123
85 74 75 90 84 82 104 112
86 68 55 60 84 76 79 78
85 70 62 69 71 66 73 77
70 68 82 102 52 54 88 105
81 74 81 99 74 73 102 113
88 72 54 61 96 83 88 84
95 73 48 49 99 83 75 68
85 75 74 84 64 60 73 84
85 80 91 109 61 61 87 103
72 63 64 76 65 60 80 86
75 62 47 53 79 66 73 69
80 66 54 60 78 66 72 72
70 72 99 125 52 57 105 126
88 84 99 120 80 80 117 131
108 89 68 71 113 97 97 91
120 93 63 56 117 96 76 69
114 98 89 99 100 90 99 103
117 97 77 83 124 108 109 105
99 80 51 60 117 98 93 83
3 3 0 5 2 2 2 6
0 0 0 2 0 0 0 3
0 0 0 2 0 0 0 2
0 0 0 1 0 0 0 1
0 0 0 1 0 0 0 1
