0 0 0 0 0 0 0 0
0 0 0 0 0 0 0 0
0 0 0 0 0 0 0 0
0 0 0 0 0 0 0 0
0 0 0 0 0 0 0 0
0 0 0 0 0 0 0 0
28 88 37 18 6 33 22 14
58 154 88 47 18 79 68 35
75 196 161 99 25 114 119 63
78 202 181 117 26 119 133 71
84 212 197 131 29 134 151 80
87 218 209 144 32 146 167 88
90 222 211 143 33 151 171 90
92 224 215 145 35 157 177 91
95 228 217 147 38 167 184 94
96 229 219 147 37 166 184 94
98 230 219 146 37 165 181 92
100 232 220 144 38 168 183 92
102 235 223 146 39 172 187 94
104 238 224 147 42 179 193 96
101 234 216 141 43 181 192 94
16 64 34 18 3 31 27 15
0 0 0 0 0 0 0 1
0 0 0 0 0 0 0 0
0 0 0 0 0 0 0 0
0 0 0 0 0 0 0 0
0 0 0 0 0 0 0 0
0 0 0 0 0 0 0 0
0 0 0 0 0 0 0 0
0 0 0 0 0 0 0 0
