0 0 0 0 0 0 0 0
0 0 0 0 0 0 0 0
0 0 0 0 0 0 0 0
0 0 0 0 0 0 0 0
0 0 0 0 0 0 0 0
0 0 0 0 0 0 0 0
0 0 0 0 0 0 0 0
1 2 1 9 0 0 0 0
15 18 18 25 5 3 1 8
29 42 72 97 25 27 56 69
14 33 88 132 14 17 68 93
9 27 91 143 8 9 64 97
27 46 99 142 22 21 66 92
54 68 103 134 40 37 67 85
57 70 100 127 42 43 71 85
53 67 103 134 42 50 85 103
27 45 104 147 23 36 89 118
15 34 102 156 13 23 81 118
39 54 95 130 28 27 61 81
69 72 73 87 45 38 39 46
99 88 60 59 77 59 37 35
70 73 85 103 58 55 69 76
51 63 102 134 40 48 88 106
28 46 107 151 18 26 81 112
39 53 98 134 24 25 62 85
74 76 81 95 49 44 47 55
90 84 70 75 73 59 48 48
74 74 77 90 65 59 64 67
42 51 87 117 37 43 80 97
13 28 91 137 10 22 80 113
14 32 98 146 10 18 76 111
54 62 81 103 36 37 50 62
89 82 59 63 69 55 34 35
94 80 45 41 84 62 32 27
58 56 52 61 55 47 46 48
23 36 87 123 19 29 79 103
10 26 98 149 7 19 82 120
18 36 100 145 11 20 73 105
38 49 87 115 22 24 51 70
62 64 69 80 38 35 37 44
75 71 57 60 58 47 37 36
58 63 72 88 51 49 60 65
32 47 94 127 25 34 78 98
19 37 102 144 12 23 77 107
37 52 98 131 21 28 64 86
74 72 66 71 51 43 36 41
85 77 54 52 70 53 34 32
62 65 73 87 58 54 66 68
3 19 97 152 4 14 91 134
0 0 3 12 0 0 0 6
0 0 0 3 0 0 0 2
0 0 0 2 0 0 0 0
0 0 0 1 0 0 0 0
0 0 0 0 0 0 0 0
0 0 0 0 0 0 0 0
