0 0 0 0 0 0 0 0
0 0 0 0 0 0 0 0
0 0 0 0 0 0 0 0
11 13 9 18 13 16 14 19
47 44 34 44 51 44 42 43
85 73 58 72 86 70 64 71
101 85 69 87 102 81 75 83
109 92 77 98 109 88 82 94
115 97 83 106 115 93 86 99
116 99 85 108 116 94 88 101
117 100 85 109 117 94 88 102
115 98 85 109 115 93 88 101
114 97 83 106 113 91 86 99
112 95 81 105 112 90 85 98
110 93 79 103 109 88 83 96
109 92 78 102 108 86 82 95
109 92 78 102 108 86 82 95
107 91 78 102 108 86 81 94
106 90 77 101 106 85 81 94
106 89 77 101 105 84 80 94
105 89 77 101 104 83 80 93
104 88 74 97 104 82 77 90
102 84 66 86 101 79 70 79
88 68 43 54 87 64 48 52
0 0 0 3 0 0 0 2
0 0 0 1 0 0 0 0
0 0 0 0 0 0 0 0
0 0 0 0 0 0 0 0
0 0 0 0 0 0 0 0
0 0 0 0 0 0 0 0
