0 0 0 0 0 0 0 0
0 0 0 0 0 0 0 0
0 0 0 0 0 0 0 0
0 0 43 16 0 0 46 14
0 8 129 43 0 10 107 33
0 23 199 72 0 26 153 45
0 36 236 94 1 43 195 57
2 57 248 103 7 72 217 62
11 90 252 103 23 123 229 64
12 94 251 100 35 150 242 72
8 86 254 104 31 147 248 81
15 105 252 99 43 166 243 73
27 128 248 87 67 192 237 64
21 118 248 89 62 189 241 68
13 103 254 100 44 169 247 78
15 109 255 102 42 167 245 75
15 112 255 105 37 162 243 75
21 125 255 96 47 175 238 68
23 129 253 92 55 182 237 66
11 105 255 102 36 160 245 79
7 93 255 110 26 141 248 86
11 104 255 108 27 145 242 77
28 139 253 92 51 178 227 60
29 141 252 87 61 189 229 60
20 125 253 91 52 180 237 68
11 105 255 98 36 160 243 78
7 90 255 103 27 141 247 87
9 101 255 98 29 147 242 79
19 121 249 84 49 176 233 66
18 117 244 78 56 184 234 66
9 98 248 85 40 165 242 79
8 95 250 90 34 155 243 82
16 119 250 85 45 172 234 68
25 135 244 76 61 189 225 59
16 120 244 78 53 182 232 66
11 105 248 83 42 167 238 74
11 108 252 89 36 159 238 73
22 134 247 81 50 174 222 58
30 147 242 73 65 190 214 53
22 134 244 74 60 187 225 59
13 115 248 80 45 172 234 69
11 109 250 85 37 161 236 72
9 107 251 88 31 150 235 73
14 119 248 82 37 160 227 65
23 135 243 73 54 181 217 58
13 117 246 77 45 171 230 67
8 102 250 88 29 148 236 75
15 118 246 82 31 148 214 58
16 119 241 76 33 149 206 54
9 93 222 65 25 125 187 46
0 13 68 19 0 23 66 17
0 0 0 0 0 0 0 0
0 0 0 0 0 0 0 0
0 0 0 0 0 0 0 0
0 0 0 0 0 0 0 0
