0 0 0 0 0 0 0 0
0 0 0 0 0 0 0 0
0 0 0 0 0 0 0 0
0 0 0 0 0 0 0 0
0 0 0 1 0 0 0 0
15 14 9 19 13 11 10 13
29 33 49 61 24 29 47 56
39 43 57 68 36 41 58 66
56 53 51 52 57 53 50 53
76 62 28 23 91 70 36 28
66 52 20 22 91 72 41 30
59 56 50 57 82 76 79 76
54 58 77 95 68 74 103 111
79 77 80 89 78 76 82 85
99 86 66 64 93 79 57 56
109 82 32 24 110 81 27 26
102 74 21 15 121 91 32 22
91 70 29 29 121 98 55 42
70 66 61 71 100 96 100 99
93 86 77 83 109 101 97 95
111 96 74 71 113 97 73 69
119 93 45 34 125 93 39 37
110 81 27 18 127 90 29 25
91 70 27 25 120 91 43 33
54 55 62 80 87 85 100 106
46 54 85 112 68 76 117 132
83 84 96 112 90 89 105 111
107 93 71 70 110 92 68 64
106 80 29 21 119 85 32 25
95 72 29 27 118 88 44 33
74 68 57 67 103 92 88 85
50 57 84 110 74 81 120 134
53 61 89 116 68 76 115 130
69 73 92 112 72 74 100 110
70 68 77 90 71 67 76 82
72 69 68 78 82 70 73 75
67 64 51 62 79 65 64 61
23 29 40 62 40 40 63 73
10 16 50 82 18 26 70 93
6 14 61 101 11 23 83 114
24 32 68 97 25 31 76 96
55 52 49 58 58 49 52 54
61 51 26 28 81 61 43 34
42 39 30 41 70 61 62 60
21 31 67 101 37 47 98 119
5 6 10 21 11 9 14 21
0 0 0 1 0 0 0 2
0 0 0 1 0 0 0 1
0 0 0 0 0 0 0 1
0 0 0 0 0 0 0 0
0 0 0 0 0 0 0 0
0 0 0 0 0 0 0 0
0 0 0 0 0 0 0 0
0 0 0 0 0 0 0 0
0 0 0 0 0 0 0 0
