0 0 0 0 0 0 0 0
0 0 0 0 0 0 0 0
0 0 30 24 0 0 15 20
0 0 32 23 0 0 20 21
0 0 59 35 0 0 42 29
0 21 164 77 0 4 128 75
0 31 187 87 0 9 148 86
0 47 209 96 0 17 175 100
1 55 217 99 0 23 188 108
3 67 226 103 0 30 203 117
3 71 237 112 0 34 222 135
2 72 246 121 0 37 234 153
2 72 251 130 0 38 242 170
3 78 254 132 0 42 245 173
4 80 254 135 0 42 245 175
3 76 255 140 0 38 247 182
3 75 255 142 0 38 247 184
3 72 255 147 0 35 248 189
3 71 255 149 0 35 249 190
3 69 255 152 0 34 250 194
3 71 255 151 0 35 249 190
2 68 255 154 0 34 250 196
3 69 255 155 0 34 250 196
3 68 255 155 0 34 250 197
2 66 255 158 0 33 252 203
2 65 255 159 0 32 252 203
2 64 255 160 0 31 251 201
2 64 255 160 0 31 251 204
2 65 255 159 0 32 251 201
2 65 255 158 0 32 249 197
2 63 255 159 0 30 247 196
3 65 255 157 0 32 247 192
3 66 255 157 0 33 248 195
2 64 255 160 0 33 250 200
3 65 255 159 0 33 250 197
3 66 255 158 0 33 248 195
2 64 255 160 0 31 248 198
2 63 255 161 0 31 250 201
2 63 255 161 0 31 250 201
2 64 255 160 0 33 250 199
2 62 255 161 0 31 250 201
2 60 255 163 0 29 249 201
2 60 255 160 0 28 247 195
2 60 252 142 0 28 233 166
0 0 3 3 0 0 4 4
0 0 0 1 0 0 0 0
0 0 0 0 0 0 0 0
0 0 0 0 0 0 0 0
0 0 0 0 0 0 0 0
0 0 0 0 0 0 0 0
0 0 0 0 0 0 0 0
0 0 0 0 0 0 0 0
0 0 0 0 0 0 0 0
0 0 0 0 0 0 0 0
0 0 0 0 0 0 0 0
