0 0 0 0 0 0 0 0
0 0 0 0 0 0 0 0
0 0 0 0 0 0 0 0
0 0 0 0 0 0 0 0
0 0 0 0 0 0 0 0
0 0 0 0 0 0 0 0
0 0 0 0 0 0 0 0
0 0 0 0 0 0 0 0
0 0 0 0 0 3 0 0
1 26 20 5 20 78 47 11
24 96 90 20 72 174 123 32
43 149 153 37 104 214 175 48
59 185 196 50 125 234 211 62
55 186 215 57 113 234 234 78
64 199 213 54 133 243 233 76
81 214 205 50 165 252 227 69
76 211 209 52 160 252 234 75
73 208 206 51 161 252 234 77
83 216 189 44 189 255 221 67
86 218 188 44 194 255 221 67
86 219 192 45 190 255 224 69
87 221 195 46 192 255 227 72
94 224 185 42 206 255 218 65
93 222 184 42 208 255 221 67
91 220 181 40 209 255 222 68
89 218 179 40 208 255 222 69
78 211 192 45 188 255 235 81
68 204 199 49 171 254 242 91
61 199 207 53 153 251 248 101
56 194 212 55 138 247 251 108
55 194 213 56 136 246 252 111
55 197 215 56 134 246 252 112
61 205 209 54 144 249 246 102
76 216 196 47 173 254 232 81
80 217 190 44 182 255 227 76
74 211 195 46 175 255 235 84
65 203 202 50 157 251 244 96
63 202 206 51 151 250 247 100
64 204 205 51 154 251 245 98
70 208 200 48 166 253 240 90
73 211 197 47 173 254 238 87
73 211 197 47 173 255 239 89
75 211 197 47 176 255 240 89
75 212 195 46 178 255 238 88
75 213 198 47 177 255 240 90
76 214 200 48 177 255 242 93
66 208 207 51 157 252 249 103
51 188 209 54 124 242 251 112
26 133 196 53 64 196 245 112
0 1 9 3 0 6 23 8
0 0 0 0 0 0 0 0
0 0 0 0 0 0 0 0
0 0 0 0 0 0 0 0
0 0 0 0 0 0 0 0
0 0 0 0 0 0 0 0
