0 0 0 0 0 0 0 0
0 0 0 0 0 0 0 0
0 0 0 0 0 0 0 0
0 0 0 0 0 0 0 0
0 0 0 0 0 0 0 0
0 0 0 0 0 0 0 0
10 8 0 0 30 23 0 0
64 94 1 0 125 149 9 1
120 207 83 8 187 240 86 20
131 227 107 10 195 250 104 24
125 225 125 16 182 248 123 31
125 229 142 20 176 248 135 36
129 233 144 21 176 249 136 36
120 207 83 8 187 240 86 20
131 227 107 10 195 250 104 24
125 225 125 16 182 248 123 31
125 229 142 20 176 248 135 36
129 233 144 21 176 249 136 36
131 236 157 25 173 249 144 39
128 234 158 27 170 247 146 41
122 231 176 36 154 242 159 49
115 217 130 16 149 227 113 27
0 0 0 0 0 0 0 0
0 0 0 0 0 0 0 0
0 0 0 0 0 0 0 0
0 0 0 0 0 0 0 0
0 0 0 0 0 0 0 0
0 0 0 0 0 0 0 0
0 0 0 0 0 0 0 0
0 0 0 0 0 0 0 0