0 0 0 0 0 0 0 0
0 0 0 0 0 0 0 0
0 0 0 0 0 0 0 0
0 0 0 0 0 0 0 0
0 0 0 0 0 0 0 0
0 0 0 0 0 0 0 0
0 0 0 0 0 0 0 0
5 9 13 23 7 14 19 27
29 29 37 56 37 46 59 76
51 45 52 74 68 67 79 97
57 51 56 78 75 71 82 101
61 53 57 80 79 74 83 103
62 53 58 80 79 74 84 103
66 56 61 83 82 77 86 106
70 60 62 85 87 80 88 107
74 63 65 87 90 82 89 109
76 64 65 88 92 83 90 109
78 66 67 91 92 84 91 111
80 68 69 93 93 85 91 111
83 70 69 93 97 86 92 112
83 70 71 96 96 86 93 113
82 69 71 96 95 85 93 113
87 73 75 101 98 88 96 117
82 70 72 99 94 84 93 114
3 2 0 7 5 6 5 13
0 0 0 0 0 0 0 1
0 0 0 0 0 0 0 0
0 0 0 0 0 0 0 0
0 0 0 0 0 0 0 0
0 0 0 0 0 0 0 0
