0 0 0 0 0 0 0 0
0 0 0 0 0 0 0 0
0 0 0 0 0 0 0 0
0 0 0 0 0 0 0 0
0 0 0 0 0 0 0 0
0 0 0 0 0 0 0 0
0 0 0 0 0 0 0 0
6 15 22 28 3 10 17 24
35 44 54 69 30 37 45 57
69 69 76 99 65 62 69 86
81 76 79 103 78 70 73 91
75 72 77 102 74 67 73 91
73 71 78 104 71 67 74 94
72 70 77 104 71 66 74 93
72 70 77 103 71 66 74 92
70 68 76 102 69 64 72 91
69 68 74 101 68 64 72 91
71 69 77 104 70 66 74 94
71 69 77 104 70 66 74 94
71 69 77 104 71 66 75 95
70 69 78 106 70 66 76 96
67 67 78 106 66 63 76 97
64 66 79 110 63 62 78 100
63 66 80 110 62 62 78 100
21 23 29 45 19 19 23 36
0 0 0 0 0 0 0 1
0 0 0 0 0 0 0 0
0 0 0 0 0 0 0 0
0 0 0 0 0 0 0 0
0 0 0 0 0 0 0 0
