0 0 0 0 0 0 0 0
0 0 0 0 0 0 0 0
0 0 0 0 0 0 0 0
0 0 0 0 0 0 0 0
0 0 0 0 0 0 0 0
0 12 0 0 0 0 0 0
1 37 5 0 0 5 0 0
0 33 7 0 0 9 0 0
14 97 49 3 2 44 27 2
23 129 98 13 6 67 75 11
28 141 137 23 8 76 118 25
32 156 168 35 10 86 162 44
33 165 183 43 10 88 182 56
34 171 197 53 9 88 200 68
37 180 200 56 10 90 202 69
37 181 202 58 10 91 206 73
36 180 207 63 9 89 209 76
36 181 209 68 9 87 209 78
36 182 211 71 8 86 209 79
39 186 211 72 9 87 208 76
46 194 206 66 11 91 201 68
49 199 206 64 12 93 201 66
51 201 206 64 12 93 201 66
54 204 202 60 13 95 196 61
61 210 197 54 15 98 191 55
64 212 194 51 16 99 186 51
65 212 196 53 16 97 187 51
64 212 199 56 15 96 188 54
63 211 200 58 14 95 190 56
59 207 205 62 13 93 195 60
63 211 202 59 14 94 189 55
63 210 202 60 14 93 189 56
64 210 202 61 14 93 189 56
66 212 202 60 14 93 185 53
69 214 199 57 15 93 180 50
72 217 198 55 15 93 177 47
72 215 199 56 15 92 177 47
72 215 199 57 15 91 176 47
70 214 200 60 14 90 179 50
67 211 204 63 12 88 183 53
68 212 202 61 13 89 182 51
66 210 203 61 13 89 184 53
66 210 202 60 14 91 186 54
67 210 201 58 14 92 187 53
71 213 195 53 16 95 182 48
72 213 198 53 15 95 184 50
47 187 192 52 8 78 182 53
0 12 6 1 0 1 3 0
0 0 0 0 0 0 0 0
0 0 0 0 0 0 0 0
0 0 0 0 0 0 0 0
0 0 0 0 0 0 0 0
0 0 0 0 0 0 0 0
0 0 0 0 0 0 0 0
0 0 0 0 0 0 0 0
