0 0 0 0 0 0 0 0
0 0 0 0 0 0 0 0
0 0 0 0 0 0 0 0
21 24 17 24 27 29 22 23
45 46 43 48 50 47 47 48
65 62 66 84 68 61 67 77
75 70 74 94 78 68 74 86
85 77 83 105 86 74 82 96
89 81 91 117 91 80 91 108
95 86 97 123 98 84 97 115
101 90 100 126 103 88 101 120
105 94 105 131 108 92 104 124
106 95 106 133 109 93 107 126
107 95 106 132 109 93 106 125
109 97 107 134 112 94 107 127
112 99 108 134 114 96 109 128
114 101 109 135 116 98 110 129
115 102 110 136 117 98 111 129
117 104 112 138 118 100 112 131
118 105 113 138 120 101 112 131
122 109 114 139 122 104 114 132
120 107 114 139 121 103 114 133
120 107 114 139 121 103 114 132
116 104 112 137 117 99 111 130
99 88 94 122 101 84 96 114
4 5 2 11 6 5 6 13
0 0 0 1 0 0 0 0
0 0 0 0 0 0 0 0
0 0 0 0 0 0 0 0
0 0 0 0 0 0 0 0