0 0 0 0 0 0 0 0
0 0 0 0 0 0 0 0
0 0 0 0 0 0 0 0
0 0 0 0 0 0 0 0
0 0 0 0 0 0 0 0
0 0 0 0 0 0 0 0
0 0 0 0 0 0 0 0
0 0 0 0 0 0 0 0
22 19 6 11 7 4 0 2
42 25 0 2 25 16 0 0
90 61 17 15 71 58 12 10
114 78 31 28 108 91 36 30
105 81 56 54 96 91 57 56
91 80 84 93 76 83 78 89
123 104 77 83 101 94 65 66
152 105 37 29 141 110 37 26
122 79 23 20 135 109 39 26
99 68 32 31 119 104 54 45
80 64 56 64 82 85 66 69
106 90 74 81 91 88 68 70
135 108 68 68 108 93 54 50
163 112 29 19 141 100 22 13
138 92 28 22 141 109 40 26
107 80 47 45 118 104 63 57
95 80 68 76 90 88 71 75
103 93 84 94 72 72 63 70
162 123 57 49 120 90 34 26
169 115 24 13 144 98 17 8
149 97 21 15 144 105 27 15
118 79 30 27 132 107 46 38
108 83 53 53 105 93 57 56
123 104 79 81 93 84 60 64
158 124 71 64 113 87 42 39
169 123 44 30 134 96 28 19
163 115 40 28 146 109 38 26
132 94 47 41 136 113 60 52
122 95 66 66 127 114 79 77
127 105 82 85 113 102 77 80
159 122 66 59 135 108 58 50
167 115 35 24 160 119 40 24
155 109 44 35 159 125 57 42
118 98 85 90 116 109 91 95
103 94 96 107 82 83 82 95
139 113 81 81 110 95 65 66
165 117 45 34 152 116 45 33
136 94 40 35 157 128 66 52
60 46 30 34 93 86 60 60
0 0 0 1 0 0 0 1
0 0 0 1 0 0 0 0
0 0 0 0 0 0 0 0
0 0 0 0 0 0 0 0
0 0 0 0 0 0 0 0
0 0 0 0 0 0 0 0
0 0 0 0 0 0 0 0
0 0 0 0 0 0 0 0
