0 0 0 0 0 0 0 0
0 0 0 0 0 0 0 0
0 0 0 0 0 0 0 0
0 0 0 0 0 0 0 0
0 0 0 0 0 0 0 0
0 0 0 0 0 0 0 0
2 1 0 2 3 2 0 4
18 20 20 27 13 15 15 24
39 38 36 44 33 31 31 39
64 56 56 72 58 47 50 62
76 65 62 82 66 53 55 69
80 67 64 84 69 54 55 69
79 66 63 83 68 54 55 69
79 66 63 83 69 54 55 70
81 68 65 86 71 55 57 72
84 70 67 88 73 57 59 74
85 71 69 90 74 57 60 76
80 68 67 91 69 54 59 76
82 69 69 92 71 56 60 77
81 68 68 92 70 55 60 77
83 70 69 92 73 57 61 78
83 70 70 94 74 58 63 80
95 80 77 102 87 68 71 88
102 85 81 106 93 72 74 91
84 68 61 81 74 54 52 67
16 13 10 21 11 8 6 17
0 0 0 0 0 0 0 0
0 0 0 0 0 0 0 0
0 0 0 0 0 0 0 0
0 0 0 0 0 0 0 0
