0 0 0 0 0 0 0 0
0 0 0 0 0 0 0 0
0 0 0 0 0 0 0 0
0 0 0 0 0 0 0 0
0 0 0 0 0 0 0 0
0 34 33 7 0 7 14 3
53 160 100 18 37 115 81 17
85 211 130 25 69 175 117 25
89 225 152 29 82 201 146 33
98 232 153 29 93 212 147 33
103 236 152 29 99 216 148 32
101 238 157 30 97 218 152 33
104 240 156 30 99 219 149 33
104 241 156 30 99 220 150 33
96 239 160 31 91 217 156 35
94 238 162 32 89 216 158 36
98 240 160 32 93 220 156 35
100 242 159 31 94 221 154 34
100 243 160 32 95 222 156 34
105 245 159 32 100 227 154 34
101 246 165 34 96 229 162 37
101 244 157 32 99 229 157 35
91 198 94 17 86 180 95 20
0 1 0 0 0 0 0 0
0 0 0 0 0 0 0 0
0 0 0 0 0 0 0 0
0 0 0 0 0 0 0 0
0 0 0 0 0 0 0 0
0 0 0 0 0 0 0 0
0 0 0 0 0 0 0 0
