0 0 0 0 0 0 0 0
0 0 0 0 0 0 0 0
0 0 0 0 0 0 0 0
0 0 0 0 0 0 0 0
0 0 0 0 0 0 0 0
0 0 0 0 0 0 0 0
0 0 0 0 0 0 0 0
0 0 0 0 0 0 0 0
0 22 102 48 0 9 59 21
7 63 147 63 5 34 103 31
29 123 190 76 31 82 157 43
58 177 219 87 65 121 196 55
74 197 232 92 82 135 219 64
67 194 239 100 71 129 232 74
65 193 241 102 68 127 237 80
72 199 240 99 76 133 237 78
79 205 239 96 86 139 236 77
84 208 237 94 93 143 236 76
86 210 237 94 96 144 237 76
87 211 237 94 96 144 237 77
83 207 238 96 89 141 238 79
80 206 239 97 86 139 240 82
77 204 239 99 80 135 240 83
81 207 238 97 84 138 239 82
88 212 237 94 90 141 237 79
80 206 239 98 80 135 240 84
74 202 239 101 72 130 242 87
75 203 239 100 73 130 240 85
88 213 236 92 90 141 237 80
98 218 234 89 101 147 235 77
101 221 233 88 107 150 235 77
106 224 230 85 114 153 235 75
114 227 229 82 124 159 233 73
119 230 228 80 132 162 232 72
115 228 228 81 131 161 234 73
107 224 230 84 120 157 237 76
93 214 233 90 104 148 242 84
84 207 234 91 95 143 243 88
91 212 232 87 107 150 243 85
90 209 230 84 112 152 243 84
93 209 227 82 119 154 242 82
79 196 230 88 100 143 245 90
46 153 237 108 46 105 247 102
10 80 224 109 9 55 232 100
0 3 14 8 0 1 14 7
0 0 0 0 0 0 0 0
0 0 0 0 0 0 0 0
0 0 0 0 0 0 0 0
0 0 0 0 0 0 0 0
0 0 0 0 0 0 0 0
0 0 0 0 0 0 0 0
0 0 0 0 0 0 0 0
0 0 0 0 0 0 0 0
0 0 0 0 0 0 0 0
0 0 0 0 0 0 0 0
