0 0 0 0 0 0 0 0
0 0 0 0 0 0 0 0
0 0 0 0 0 0 0 0
0 0 0 0 0 0 0 0
0 0 0 0 0 0 0 0
0 0 0 0 0 0 0 0
0 0 0 0 0 0 0 0
16 16 11 15 14 13 5 10
10 16 29 43 11 16 25 34
33 42 55 68 30 38 47 53
69 69 65 68 69 71 58 57
77 74 63 65 92 90 71 64
59 66 85 99 78 86 100 104
58 70 99 119 65 79 103 112
82 86 89 97 80 84 79 78
102 95 75 73 100 94 63 56
111 97 62 56 118 106 58 47
103 92 64 61 124 113 76 64
91 88 77 81 114 112 94 87
83 89 100 114 100 107 113 116
80 90 105 122 88 98 110 116
101 102 97 104 100 102 90 88
116 106 81 79 116 109 71 63
123 105 64 56 130 115 59 47
117 100 61 54 134 120 66 52
97 90 73 75 121 117 90 82
77 84 96 112 98 107 115 120
74 86 107 128 85 98 118 128
87 97 107 123 87 95 104 109
109 108 96 101 105 106 86 82
126 113 79 74 128 119 71 61
133 115 72 64 144 130 71 57
125 110 74 68 144 133 83 69
101 102 99 108 125 127 120 118
88 99 112 132 106 117 132 139
88 102 116 137 99 111 129 137
99 110 118 136 101 108 118 123
117 120 109 118 113 114 101 98
131 122 90 89 134 125 84 73
134 119 77 72 146 134 80 65
125 116 88 87 144 137 102 90
106 111 112 126 126 131 133 134
98 110 119 139 110 119 133 138
113 119 114 128 116 118 116 114
139 127 89 86 140 129 83 70
140 122 73 65 146 130 67 53
139 121 78 71 152 139 83 67
126 121 102 107 140 137 114 107
110 117 117 132 119 124 127 129
116 121 113 126 116 118 113 110
134 127 92 91 130 121 82 72
141 119 59 50 139 120 49 38
123 111 73 70 125 115 69 59
28 33 31 42 24 27 24 28
0 0 0 3 0 0 0 3
