0 0 0 0 0 0 0 0
0 0 0 0 0 0 0 0
0 0 0 0 0 0 0 0
0 0 0 0 0 0 0 0
0 0 0 0 0 0 0 0
5 7 3 11 5 5 3 10
37 42 30 31 30 32 24 27
83 74 58 66 66 56 44 50
90 80 70 83 78 66 59 66
98 86 76 91 92 76 70 78
102 90 79 94 96 79 73 81
102 89 80 96 95 79 74 83
101 89 80 96 94 78 74 83
101 89 81 99 93 79 75 85
102 90 83 101 94 79 76 88
102 90 83 102 94 80 77 90
101 90 84 104 94 80 78 91
102 91 85 106 95 81 80 93
102 91 86 106 96 81 81 94
102 91 86 106 95 81 81 95
102 91 86 108 95 81 82 96
104 93 89 110 98 83 84 99
98 85 78 96 92 76 73 85
0 0 0 3 0 0 0 3
0 0 0 0 0 0 0 1
0 0 0 0 0 0 0 0
0 0 0 0 0 0 0 0
0 0 0 0 0 0 0 0
0 0 0 0 0 0 0 0
0 0 0 0 0 0 0 0
