0 0 0 0 0 0 0 0
0 0 0 0 0 0 0 0
0 0 0 0 0 0 0 0
0 0 0 0 0 0 0 0
0 0 0 0 0 0 0 0
0 0 0 0 0 0 0 0
24 20 1 10 31 22 9 8
30 28 21 30 38 35 33 31
29 32 37 44 35 34 41 47
56 48 24 24 67 50 29 27
58 49 21 25 82 61 38 28
50 53 51 66 76 71 83 84
34 45 82 107 45 55 101 117
49 54 73 88 52 54 76 86
49 46 44 50 62 54 51 54
55 52 37 41 86 71 63 58
37 44 58 77 66 69 97 106
27 39 77 105 43 56 107 127
29 41 79 107 39 52 101 120
40 44 63 78 58 61 81 90
46 44 42 49 80 72 69 70
41 42 42 55 81 76 86 89
20 27 53 81 47 56 100 119
19 29 66 99 35 48 104 128
30 39 70 96 43 53 94 113
44 44 59 75 58 59 72 86
55 49 47 52 84 72 69 74
47 44 42 54 86 76 83 88
30 36 56 84 64 67 105 128
15 29 79 122 31 47 121 159
32 44 86 122 39 53 106 137
62 63 78 94 76 75 89 103
70 64 58 65 103 89 87 89
53 55 58 77 94 87 106 116
30 40 71 106 63 71 123 150
24 38 83 124 45 58 123 159
50 58 89 117 64 70 107 131
65 65 75 88 88 83 95 105
61 60 59 71 98 87 97 102
40 49 74 107 78 82 128 154
34 48 90 130 58 71 134 168
35 48 91 129 48 60 117 149
35 42 73 100 48 54 89 111
0 0 0 5 0 0 0 5
0 0 0 1 0 0 0 2
0 0 0 0 0 0 0 1
0 0 0 0 0 0 0 0
0 0 0 0 0 0 0 0
0 0 0 0 0 0 0 0
0 0 0 0 0 0 0 0
0 0 0 0 0 0 0 0
0 0 0 0 0 0 0 0
0 0 0 0 0 0 0 0
0 0 0 0 0 0 0 0
0 0 0 0 0 0 0 0
