0 0 0 0 0 0 0 0
0 0 0 0 0 0 0 0
0 0 0 0 0 0 0 0
0 0 0 0 0 0 0 0
6 2 0 0 3 0 0 0
17 13 0 3 17 13 0 3
50 40 15 17 51 43 20 17
49 48 48 54 49 54 56 55
67 65 57 56 60 59 49 47
96 81 39 28 91 74 31 33
88 76 37 35 109 95 57 43
75 74 68 74 98 100 100 92
71 78 97 111 85 98 123 125
96 97 95 97 93 97 99 92
118 106 70 58 111 98 62 49
97 93 68 65 111 101 82 66
76 80 82 91 98 101 112 106
70 80 107 123 80 95 127 132
84 89 101 108 81 88 100 99
110 99 70 60 100 90 56 47
113 102 60 49 123 108 67 49
102 96 66 63 128 118 94 75
72 80 95 108 100 109 131 130
83 89 103 112 92 102 118 117
107 101 81 74 103 99 74 63
117 104 61 48 124 108 61 46
107 97 56 48 132 115 77 56
91 91 81 85 119 117 114 102
82 89 102 112 98 106 125 123
104 101 89 87 98 97 83 74
115 102 62 52 102 89 46 39
123 104 52 38 121 100 47 35
122 102 46 35 134 111 57 37
112 103 79 76 123 116 97 81
91 93 100 107 89 96 105 102
98 95 82 81 82 81 67 60
113 98 57 44 101 85 41 36
112 98 51 41 121 103 58 41
83 81 69 71 111 108 101 88
52 62 93 112 73 89 125 132
74 78 87 94 78 84 92 91
114 93 41 30 101 81 28 24
99 84 42 34 108 93 49 35
45 48 52 62 69 75 84 82
39 48 76 96 51 66 98 109
68 55 21 21 56 42 13 12
0 0 0 2 0 0 0 2
0 0 0 2 0 0 0 1
0 0 0 1 0 0 0 0
0 0 0 1 0 0 0 0
0 0 0 0 0 0 0 0
0 0 0 0 0 0 0 0
0 0 0 0 0 0 0 0
0 0 0 0 0 0 0 0
0 0 0 0 0 0 0 0
