0 0 0 0 0 0 0 0
0 0 0 0 0 0 0 0
0 0 0 0 0 0 0 0
0 0 0 0 0 0 0 0
0 0 0 0 0 0 0 0
0 0 0 0 0 0 0 0
0 0 0 0 0 0 0 0
0 0 0 0 0 0 0 0
28 23 0 1 17 16 0 0
79 66 29 21 63 69 23 19
63 55 40 36 49 62 35 37
58 43 43 45 39 54 43 54
70 55 40 41 56 64 42 47
95 77 39 35 81 77 39 35
107 90 57 53 97 93 60 55
94 78 86 96 82 95 93 106
68 57 92 114 44 67 90 115
80 74 91 107 51 67 78 93
133 109 68 65 99 91 56 51
146 111 54 44 125 106 53 43
118 92 75 77 108 108 83 89
99 80 87 98 79 89 87 102
111 97 97 109 80 87 86 98
173 138 89 83 131 112 71 66
191 142 61 47 152 120 52 39
168 124 62 52 150 124 68 58
138 113 95 99 126 120 102 106
96 87 114 139 70 88 110 131
131 118 115 131 94 98 101 109
173 141 98 99 131 114 84 77
189 143 71 61 155 125 67 51
172 127 61 53 160 131 72 56
130 104 82 88 124 117 99 98
111 101 107 125 90 99 110 121
135 123 116 133 96 99 105 112
191 153 92 85 145 121 76 63
195 149 73 61 159 129 67 49
160 120 61 55 156 131 79 65
103 87 89 103 103 107 110 120
95 89 108 130 80 93 115 132
110 104 114 134 79 89 106 119
176 146 105 104 138 123 97 89
187 141 62 47 168 138 71 51
143 112 72 67 141 126 92 85
75 66 93 114 66 84 108 130
82 80 103 125 64 80 104 124
151 122 81 76 137 124 94 87
124 83 22 15 129 104 37 26
0 0 0 1 0 0 0 2
0 0 0 1 0 0 0 0
0 0 0 0 0 0 0 0
0 0 0 0 0 0 0 0
0 0 0 0 0 0 0 0
0 0 0 0 0 0 0 0
0 0 0 0 0 0 0 0
