0 0 0 0 0 0 0 0
0 0 0 0 0 0 0 0
0 0 0 0 0 0 0 0
0 0 0 0 0 0 0 0
0 0 0 0 0 0 0 0
0 0 0 0 0 0 0 0
0 0 0 0 0 0 0 0
0 0 0 0 0 0 0 0
0 0 0 0 0 1 2 1
0 20 36 10 0 48 47 13
4 71 101 34 9 114 99 31
17 127 146 52 21 167 131 44
28 165 163 59 29 194 141 49
41 194 160 53 41 220 138 47
46 204 150 47 46 231 133 44
35 190 165 56 38 222 148 47
27 174 192 82 29 205 168 58
29 177 199 88 29 201 167 60
38 196 185 71 36 218 154 53
49 210 156 51 47 233 134 45
44 206 155 50 47 235 138 44
32 188 178 68 39 227 165 53
24 170 200 94 31 213 183 67
24 171 212 109 29 206 188 72
27 177 218 116 29 206 188 73
39 202 196 82 40 227 168 58
43 209 178 66 45 234 154 51
37 200 183 71 43 233 165 55
31 190 193 83 39 230 178 63
27 181 206 99 33 220 187 71
23 169 223 131 27 204 201 88
26 175 223 128 28 206 195 84
34 194 208 99 35 219 176 67
39 204 199 87 40 227 168 60
42 211 188 74 45 235 161 56
41 209 176 65 48 240 157 52
39 206 177 66 47 239 159 53
38 204 192 80 43 236 171 61
39 206 200 88 42 234 174 65
43 213 195 81 45 237 165 61
46 217 191 76 47 239 161 58
47 218 193 77 47 239 162 60
48 219 194 78 46 239 161 60
48 219 195 80 46 239 162 62
48 220 195 80 47 239 162 62
47 218 196 81 46 239 164 63
44 215 197 83 46 239 168 64
39 203 187 76 44 236 165 62
4 59 73 24 4 100 76 23
0 0 0 0 0 0 0 0
0 0 0 0 0 0 0 0
0 0 0 0 0 0 0 0
0 0 0 0 0 0 0 0
0 0 0 0 0 0 0 0
0 0 0 0 0 0 0 0
