0 0 0 0 0 0 0 0
0 0 0 0 0 0 0 0
0 0 0 0 0 0 0 0
0 0 0 0 0 0 0 0
0 0 0 0 0 0 0 0
0 0 0 0 0 0 0 0
14 12 8 14 12 11 6 19
43 40 36 36 39 34 30 45
74 64 52 53 75 58 46 65
73 64 58 63 81 63 57 72
74 66 58 67 85 65 62 73
79 72 68 80 89 70 69 83
83 74 69 81 92 71 69 83
83 76 75 90 93 73 75 90
86 78 78 94 95 75 76 93
88 79 76 90 98 76 75 90
92 82 78 94 102 79 78 93
93 83 79 95 103 80 79 93
94 84 79 96 104 80 80 93
93 84 81 99 103 80 81 96
93 84 83 101 103 80 82 97
92 84 86 108 103 80 86 101
67 56 48 57 75 55 49 60
0 0 0 0 0 0 0 1
0 0 0 0 0 0 0 0
0 0 0 0 0 0 0 0
0 0 0 0 0 0 0 0
0 0 0 0 0 0 0 0
0 0 0 0 0 0 0 0
0 0 0 0 0 0 0 0
