0 0 0 0 0 0 0 0
0 0 0 0 0 0 0 0
0 0 0 0 0 0 0 0
0 0 0 0 0 0 0 0
0 0 0 0 0 0 0 0
0 0 0 0 0 0 0 0
19 21 9 12 17 19 9 14
55 48 31 32 57 46 30 31
90 73 57 65 86 66 51 56
97 81 77 98 90 72 70 85
101 85 81 106 96 76 76 92
101 84 79 105 96 76 75 93
101 84 81 106 95 76 77 95
101 84 81 107 97 76 77 96
103 85 82 108 98 78 78 97
105 87 84 111 100 79 81 99
106 89 86 113 101 81 83 102
106 89 86 115 102 81 84 105
106 89 88 116 101 81 86 106
106 89 87 116 101 81 85 106
106 89 87 116 101 81 85 105
108 91 89 117 104 83 86 107
110 92 90 119 107 86 89 110
107 89 86 115 104 83 86 106
102 84 84 113 99 79 84 105
40 33 35 54 35 29 35 51
0 0 0 1 0 0 0 1
0 0 0 0 0 0 0 0
0 0 0 0 0 0 0 0
0 0 0 0 0 0 0 0
