0 0 0 0 0 0 0 0
0 0 0 0 0 0 0 0
0 0 0 0 0 0 0 0
0 0 0 0 0 0 0 0
0 0 0 0 0 0 0 0
0 0 0 0 0 0 0 0
0 0 0 0 0 0 0 0
23 7 0 0 12 1 0 1
72 46 4 8 78 48 9 10
60 40 3 9 87 62 20 16
49 36 17 22 62 56 30 33
59 46 25 29 53 46 23 28
116 88 35 32 92 67 23 22
153 107 26 18 138 89 21 13
121 84 23 25 138 96 36 25
97 75 41 45 114 91 53 51
101 84 58 61 100 83 56 58
135 109 59 56 112 83 42 40
166 126 47 37 141 94 33 25
144 109 40 35 139 97 41 31
119 91 41 41 131 99 51 44
91 78 66 74 91 83 67 73
101 89 77 87 82 74 61 68
155 121 52 47 131 91 36 30
162 118 29 23 150 98 28 18
123 89 28 30 139 98 41 31
107 80 37 40 129 99 54 48
94 82 68 74 89 79 63 69
86 82 82 95 59 59 56 68
115 97 57 55 81 58 33 33
147 114 45 38 123 81 35 25
107 85 42 43 109 81 47 42
91 80 69 78 104 93 78 82
75 71 77 93 78 77 77 88
99 92 82 94 85 76 67 74
153 123 63 57 126 90 44 37
152 119 52 45 139 98 47 35
147 116 53 49 152 111 62 49
116 97 66 70 138 112 84 80
67 66 82 103 80 82 92 107
106 101 96 111 95 86 82 90
150 127 80 79 141 107 70 63
131 100 36 38 152 107 55 38
63 46 10 17 91 64 27 19
0 0 0 2 0 0 0 1
0 0 0 1 0 0 0 0
0 0 0 0 0 0 0 0
0 0 0 0 0 0 0 0
0 0 0 0 0 0 0 0
0 0 0 0 0 0 0 0
0 0 0 0 0 0 0 0
0 0 0 0 0 0 0 0
0 0 0 0 0 0 0 0
0 0 0 0 0 0 0 0
0 0 0 0 0 0 0 0
