0 0 0 0 0 0 0 0
0 0 0 0 0 0 0 0
0 0 0 0 0 0 0 0
14 12 0 2 15 11 0 0
22 23 38 47 17 28 33 43
47 59 74 86 37 43 52 58
56 60 59 64 46 47 40 42
64 61 42 41 67 61 38 33
58 63 81 88 63 73 83 87
56 67 103 118 55 71 97 107
67 79 109 122 62 74 94 101
85 88 87 91 79 79 71 67
84 80 66 66 86 81 60 52
77 80 84 88 83 87 84 81
64 75 110 127 64 81 105 114
62 77 109 128 56 69 94 101
71 83 100 113 63 71 83 83
80 84 87 91 77 80 74 70
79 81 80 83 85 86 78 71
67 77 99 111 77 88 103 106
51 68 108 130 55 74 108 118
55 71 97 115 55 67 88 93
62 72 85 96 65 73 79 78
66 71 75 81 77 81 79 74
64 72 87 97 74 84 93 93
53 68 104 122 61 79 108 117
54 70 100 119 58 72 97 103
69 77 84 92 74 79 78 76
66 72 74 79 80 85 79 74
55 64 79 89 71 81 91 92
52 66 99 117 62 78 106 113
53 68 93 112 58 71 93 97
66 72 75 83 72 76 71 68
62 66 64 70 77 81 71 66
57 63 71 81 75 84 87 85
45 61 96 118 58 76 110 120
42 61 97 124 49 67 103 114
53 66 81 98 60 71 83 85
54 59 61 71 70 76 71 68
58 58 52 57 80 82 69 65
42 51 74 91 60 76 94 102
50 62 79 96 60 72 87 92
61 65 59 68 68 69 54 51
70 66 43 43 86 79 47 40
51 61 81 96 65 79 94 100
26 29 24 30 31 31 22 23
0 0 0 1 0 0 0 1
0 0 0 0 0 0 0 1
0 0 0 0 0 0 0 0
0 0 0 0 0 0 0 0
0 0 0 0 0 0 0 0
0 0 0 0 0 0 0 0
0 0 0 0 0 0 0 0
0 0 0 0 0 0 0 0
0 0 0 0 0 0 0 0
